run:
cores = 2
Linux


Run Number: 0
no threads
Random data set
     1 
    12 
     1 
     0 
     2 
     1 
     7 
     4 
     9 
    34 
    50 
   164 
   427 
   418 
   783 
  1486 
  3208 

1 threads
    42
    53
    36
    60
    48
    21
    33
    42
    36
   105
    87
   167
   290
   531
   928
  1691
  3057

2 threads
    29
    20
    33
    29
    18
    30
    30
    62
    73
    79
   122
   171
   276
   460
   767
  1281
  2500

4 threads
    60
    32
    26
    54
    56
    66
    60
   119
    97
   140
   170
   209
   329
   440
   681
  1212
  2491

8 threads
    76
    85
   126
   118
   148
   108
   169
   122
   125
   187
   152
   328
   405
   582
   825
  1349
  2536

16 threads
   251
   190
   263
   255
   196
   290
   277
   575
   164
   230
   351
   460
   573
   732
   981
  1401
  2595
no threads
Discrete data set
     0 
     0 
     0 
     0 
     0 
     1 
     3 
     4 
     9 
    21 
    47 
    94 
   188 
   390 
   728 
  1381 
  2795 

1 threads
    19
    15
    16
    29
    13
    20
    15
    33
    42
    51
    73
   126
   280
   432
   917
  1555
  3296

2 threads
    28
    26
    23
    32
    18
    32
    31
    44
    36
    55
   128
   158
   271
   376
   732
  1258
  2582

4 threads
    67
    38
    49
    82
    50
    43
    82
    85
   115
    75
   120
   133
   295
   441
   753
  1257
  2451

8 threads
   101
    86
   125
    85
   154
   137
   113
   107
   133
   165
   198
   261
   385
   571
   820
  1495
  2603

16 threads
   316
   149
   241
   190
   223
   260
   248
   286
   281
   342
   320
   391
   503
   681
  1030
  1605
  2686
no threads
Uniform data set
     0 
     0 
     0 
     1 
     1 
     1 
     3 
    14 
     9 
    19 
    47 
   105 
   191 
   386 
   712 
  1540 
  3039 

1 threads
    22
     6
     7
     7
    12
     6
    33
    87
   238
    50
    90
   146
   266
   495
   906
  1614
  3084

2 threads
    38
    28
    49
    43
    33
    72
    54
    40
   107
    92
   121
   203
   252
   447
   791
  1292
  2466

4 threads
    56
    36
    34
    32
    69
    60
    40
    49
    69
    85
   109
   209
   279
   471
   695
  1425
  2641

8 threads
   170
   123
   166
   148
   130
   158
   112
   133
   170
   183
   214
   325
   396
   679
   941
  1646
  2620

16 threads
   230
   291
   258
   310
   267
   288
   284
   299
   194
   369
   321
   524
   545
   757
  1105
  1750
  2756
no threads
Bernoulli data set
     0 
     0 
     0 
     1 
     0 
     1 
     2 
     5 
    18 
    28 
    50 
    88 
   183 
   335 
   684 
  1387 
  2883 

1 threads
    27
     8
    19
     6
     6
    16
    18
    14
    39
    83
   107
   139
   255
   502
   858
  1670
  3433

2 threads
    21
    41
    21
    17
    30
    29
    52
    63
    57
    78
    89
   131
   283
   507
   800
  1374
  2664

4 threads
    36
    31
    52
    42
    76
   105
    99
    28
    53
   103
   109
   194
   319
   453
   768
  1340
  2523

8 threads
    91
    89
   142
   110
   131
   108
   137
    92
   127
   199
   174
   282
   321
   610
   899
  1402
  2455

16 threads
   199
   223
   228
   281
   197
   255
   274
   191
   225
   334
   274
   442
   613
   767
  1043
  1513
  2569
no threads
Gaussian data set
     0 
     0 
     0 
     0 
     0 
     1 
     2 
     4 
     8 
    31 
    41 
    91 
   187 
   384 
   774 
  1415 
  2589 

1 threads
    15
    21
    12
    16
    16
    18
    21
    31
    43
    51
    98
   146
   226
   406
   869
  1567
  2681

2 threads
    31
    29
    22
    23
    39
    29
    31
    40
    41
    51
    70
   171
   261
   400
   649
  1323
  1708

4 threads
    49
    46
    42
    43
    70
    45
    46
    53
    91
   117
   172
   219
   313
   431
   674
  1340
  1720

8 threads
   110
    75
   115
    70
   155
   107
    72
    78
   112
   171
   227
   224
   330
   537
   863
  1400
  1752

16 threads
   147
   180
   158
   183
   192
   166
   411
   277
   332
   343
   429
   341
   416
   735
   980
  1472
  1875
no threads
Zero data set
     0 
     0 
     0 
     0 
     1 
     1 
     2 
     5 
     9 
    17 
    37 
    87 
   190 
   433 
   755 
  1402 
  2862 

1 threads
    22
     5
     6
    21
    19
    19
    21
    29
    38
    86
   114
   173
   273
   450
   755
  1762
  3352

2 threads
    19
    11
    17
     9
    26
    12
    18
    36
    33
    37
   128
   164
   273
   461
   854
  1424
  2581

4 threads
    40
    60
    37
    59
    61
    66
    81
    82
    72
   111
   158
   236
   323
   456
   819
  1331
  2744

8 threads
    93
    97
   118
   116
   139
   140
   108
    81
    86
   170
   190
   330
   437
   572
   923
  1407
  2455

16 threads
   177
   296
   213
   279
   236
   263
   240
   242
   217
   327
   425
   411
   462
   723
  1055
  1455
  2688


Run Number: 1
no threads
Random data set
     0 
     0 
     0 
     1 
     5 
     3 
     2 
     4 
    12 
    25 
    48 
   110 
   219 
   383 
   744 
  1481 
  2864 

1 threads
    21
    16
    27
    28
    16
    38
    40
    44
    57
    59
    95
   139
   215
   433
   965
  1557
  3218

2 threads
    18
    12
    36
     9
    41
    10
    34
    20
    43
    33
    75
   189
   266
   457
   714
  1336
  2542

4 threads
    55
    35
    61
   104
    77
    70
   117
    87
    56
   141
   100
   221
   322
   478
   692
  1301
  2588

8 threads
   100
   122
   108
    78
   111
    98
   103
   100
   109
   141
   257
   269
   401
   589
   920
  1456
  2794

16 threads
   232
   274
   217
   286
   139
   179
   296
   246
   299
   313
   460
   302
   442
   856
  1192
  1683
  3144
no threads
Discrete data set
     0 
     1 
     0 
     1 
     1 
     1 
     2 
     5 
    10 
    22 
    43 
   101 
   198 
   395 
   823 
  1497 
  3009 

1 threads
    17
     6
    24
     6
    16
    21
    32
    17
    36
    30
    65
   161
   282
   469
   904
  1846
  3261

2 threads
    27
    29
    39
    24
    22
    23
    25
    50
    40
    53
   100
   173
   278
   418
   680
  1303
  2508

4 threads
    29
    54
    65
    84
    65
    72
    78
    57
    72
   126
   169
   217
   321
   407
   978
  1479
  2751

8 threads
   118
   110
    54
    74
   120
    84
   166
   161
   199
   179
   249
   336
   505
   566
   887
  1410
  2794

16 threads
   254
   239
   279
   206
   178
   269
   283
   252
   299
   389
   291
   419
   582
   726
  1222
  1676
  2983
no threads
Uniform data set
     0 
     0 
     0 
     0 
     0 
     1 
     2 
     4 
     9 
    24 
    48 
    97 
   209 
   397 
   747 
  1436 
  2838 

1 threads
     8
    15
    19
     8
     6
     6
    36
    13
    35
    43
    59
   110
   283
   437
   932
  1695
  3175

2 threads
    33
    26
    54
    32
    38
    64
    30
    55
    63
   123
   130
   255
   293
   510
   825
  1528
  2394

4 threads
    60
    26
    47
    66
    82
    78
    90
    87
   108
   150
   130
   216
   320
   527
   867
  1559
  2786

8 threads
    89
    83
    67
    38
   107
   108
   108
   166
   128
   189
   197
   354
   410
   602
   926
  1532
  2617

16 threads
   147
   187
   241
   166
   293
   280
   260
   267
   254
   257
   348
   417
   562
   741
  1025
  1665
  2720
no threads
Bernoulli data set
     0 
     0 
     0 
     0 
     0 
     1 
     2 
     5 
    10 
    32 
    58 
   103 
   216 
   429 
   756 
  1448 
  2869 

1 threads
    19
    26
     5
     5
    19
    18
     8
    36
    22
    41
    74
   120
   235
   486
   904
  1506
  3269

2 threads
    21
    21
    19
    23
    33
    31
    32
    35
    48
    60
   141
   192
   295
   460
   727
  1379
  2510

4 threads
    53
    49
    62
    39
    39
    62
    66
   117
    81
    90
   169
   229
   293
   530
   778
  1472
  2513

8 threads
    74
   102
   100
   126
   101
    99
   132
   204
   141
   153
   227
   306
   359
   471
   839
  1386
  2580

16 threads
   228
   261
   187
   210
   265
   185
   272
   211
   197
   281
   275
   324
   526
   849
   971
  1489
  2721
no threads
Gaussian data set
     0 
     0 
     0 
     0 
     0 
     1 
     4 
     6 
    10 
    19 
    51 
   123 
   168 
   372 
   709 
  1425 
  2609 

1 threads
    17
    13
    13
    14
    17
    20
    24
    31
    64
    53
   102
   166
   248
   446
   785
  1570
  2701

2 threads
    27
    27
    25
    44
    27
    27
    58
    39
    41
    92
   120
   168
   277
   461
   728
  1307
  1703

4 threads
    59
    56
    37
    37
    57
    35
    40
    46
    98
   125
   170
   206
   273
   418
   700
  1208
  1731

8 threads
    85
    80
   112
    70
    71
   149
   108
   162
   177
   137
   170
   305
   342
   518
   744
  1177
  1742

16 threads
   152
   160
   211
   186
   277
   258
   271
   257
   298
   234
   409
   415
   433
   738
   980
  1551
  1914
no threads
Zero data set
     0 
     0 
     0 
     0 
     0 
     2 
     2 
     4 
     9 
    18 
    37 
    78 
   173 
   359 
   799 
  1465 
  3016 

1 threads
    14
     4
     6
    17
     6
    15
    25
    28
    32
    73
    93
   195
   293
   517
   951
  1835
  3242

2 threads
    53
    47
    35
    35
    42
    38
    45
    44
    57
    77
    97
   162
   400
   404
   735
  1315
  2638

4 threads
    60
    59
    50
    48
    55
    80
    69
    65
    94
    90
   189
   263
   365
   546
   798
  1467
  2547

8 threads
    98
   136
   137
   114
    93
    95
   154
   163
   107
    93
   159
   225
   449
   614
   900
  1420
  2585

16 threads
   187
   318
   209
   286
   239
   221
   167
   245
   287
   324
   329
   397
   542
   758
  1120
  1577
  2675


Run Number: 2
no threads
Random data set
     0 
     0 
     0 
     0 
     1 
     1 
     3 
     7 
     9 
    27 
    50 
   106 
   231 
   389 
   777 
  1526 
  3031 

1 threads
    16
    25
     6
     5
    18
    21
     8
    31
    22
    36
    55
   167
   256
   509
   962
  1712
  3505

2 threads
    13
    24
    33
    35
    44
    27
    49
    47
    64
   108
   118
   222
   288
   401
   767
  1369
  2427

4 threads
    78
    36
    46
    41
    76
    61
    56
    93
    96
   137
   179
   164
   361
   512
   726
  1262
  2607

8 threads
    66
   107
    64
    68
   120
   116
    89
    81
   159
   105
   511
   295
   431
   573
   963
  1524
  2569

16 threads
   225
   222
   323
   296
   246
   243
   190
   247
   218
   338
   367
   396
   601
   795
  1160
  1781
  2866
no threads
Discrete data set
     1 
     0 
     0 
     0 
     0 
     1 
     2 
     7 
    11 
    23 
    43 
    90 
   212 
   408 
   740 
  1456 
  3034 

1 threads
    18
    15
    14
    14
    14
    15
    16
    18
    29
    53
    71
   168
   308
   476
   893
  1641
  3253

2 threads
    24
    23
    27
    41
    37
    33
    45
    29
    43
    85
   110
   203
   283
   482
   781
  1309
  2714

4 threads
    38
    54
    56
    46
    60
    80
    60
    60
    93
   120
   191
   201
   347
   463
   808
  1423
  2565

8 threads
   133
   120
   118
   124
   152
   105
   161
   118
   123
   137
   146
   241
   327
   558
   825
  1394
  2396

16 threads
   234
   221
   253
   252
   269
   244
   303
   315
   305
   293
   284
   358
   548
   679
  1036
  1534
  2546
no threads
Uniform data set
     0 
     0 
     1 
     0 
     1 
     2 
     5 
     4 
     9 
    21 
    47 
   110 
   190 
   368 
   782 
  1493 
  2982 

1 threads
    21
     5
    11
    31
    28
    31
    34
    41
    50
    74
   103
   152
   272
   523
   845
  1684
  3240

2 threads
    30
    10
    34
     9
    20
    32
    48
    54
    52
    74
   140
   138
   281
   509
   731
  1372
  2759

4 threads
    25
    46
    45
    38
    56
    44
    72
    67
   129
   146
   186
   186
   312
   470
   779
  1363
  2571

8 threads
    94
    96
   111
   106
   191
   111
   144
   108
   175
   185
   212
   328
   388
   566
   870
  1348
  2583

16 threads
   167
   246
   250
   191
   167
   209
   251
   234
   245
   291
   335
   388
   501
   764
  1072
  1666
  3183
no threads
Bernoulli data set
     1 
     0 
     0 
     1 
     1 
     1 
     2 
     5 
    11 
    22 
    49 
   109 
   202 
   420 
   744 
  1492 
  2950 

1 threads
    26
     5
     5
    13
    26
     6
    25
    20
    51
    28
    66
   131
   229
   461
   834
  1606
  3438

2 threads
    29
    32
    42
    52
    69
    62
    65
    42
    66
    80
   160
   200
   365
   569
   846
  1556
  2465

4 threads
    46
    32
    44
    37
    39
    47
    82
    84
   101
   121
   176
   201
   273
   501
   852
  1514
  2722

8 threads
    74
    93
    69
   133
   132
    72
   105
   146
   165
   203
   167
   224
   445
   528
   935
  1592
  2730

16 threads
   215
   188
   277
   304
   265
   341
   253
   273
   246
   340
   303
   492
   426
   793
  1044
  1479
  2861
no threads
Gaussian data set
     0 
     0 
     0 
     0 
     1 
     1 
     3 
     7 
    12 
    20 
    45 
   114 
   186 
   382 
   734 
  1510 
  2552 

1 threads
    17
    13
    14
    14
    14
    18
    18
    22
    36
    61
    72
   115
   267
   465
   867
  1654
  2666

2 threads
    24
    24
    23
    19
    34
    27
    30
    31
    72
    88
   129
   139
   295
   488
   848
  1569
  1727

4 threads
    45
    45
    54
    42
    41
    62
    40
    63
    76
    82
   119
   211
   380
   485
   784
  1525
  1744

8 threads
    81
    77
    70
    93
    75
   189
   169
   158
   212
   179
   146
   316
   374
   570
   894
  1620
  1945

16 threads
   165
   164
   197
   253
   247
   244
   247
   232
   270
   298
   274
   330
   529
   760
  1206
  1751
  2087
no threads
Zero data set
     0 
     0 
     0 
     0 
     1 
     1 
     2 
     5 
     9 
    18 
    37 
    76 
   195 
   506 
   749 
  1545 
  3040 

1 threads
    19
    10
    21
     6
     7
    20
    18
    30
    30
    47
    74
   134
   308
   535
   983
  1851
  3209

2 threads
    24
    29
    10
    12
    30
    31
    51
    64
    44
    66
   101
   147
   329
   520
   902
  1568
  2687

4 threads
    65
    94
    86
    39
    53
    63
    87
    75
    87
   155
   184
   220
   376
   561
   921
  1631
  2949

8 threads
   118
    92
   124
   155
   113
   109
   142
   119
   152
   183
   191
   261
   409
   673
   947
  1670
  3108

16 threads
   209
   281
   245
   224
   161
   229
   272
   251
   324
   283
   376
   427
   493
   736
  1190
  1916
  3195


Run Number: 3
no threads
Random data set
     0 
     0 
     0 
     0 
     0 
     1 
     4 
     4 
     9 
    27 
    51 
   115 
   185 
   403 
   795 
  1488 
  3092 

1 threads
    14
     9
     6
     5
    12
     7
    10
    12
    21
    58
   110
   162
   288
   515
   930
  1683
  3113

2 threads
    21
    30
    29
    10
    19
    28
    17
    33
    68
    79
   147
   145
   251
   489
   771
  1419
  2563

4 threads
    35
    53
    23
    31
    45
    21
    26
    71
   116
    91
   116
   238
   355
   520
   824
  1450
  2560

8 threads
    81
    97
   132
   150
   155
   115
   140
   126
   163
   178
   227
   301
   399
   567
   914
  1396
  2523

16 threads
   212
   267
   170
   222
   279
   234
   292
   284
   209
   260
   274
   355
   529
   802
  1129
  1733
  2855
no threads
Discrete data set
     0 
     0 
     0 
     1 
     1 
     1 
     2 
     5 
    10 
    18 
    52 
   144 
   191 
   369 
   714 
  1499 
  2868 

1 threads
    31
    10
    17
    21
    12
    15
    18
    31
    48
    63
   123
   150
   280
   545
   874
  1950
  3333

2 threads
    25
    24
    22
    23
    22
    56
    32
    35
    37
    49
   114
   147
   250
   411
   665
  1262
  2205

4 threads
    35
    51
    38
    62
    92
    42
    84
    91
   102
    58
    97
   193
   294
   437
   720
  1219
  2224

8 threads
   110
   126
    98
    94
   105
   117
   117
   146
   109
   116
   222
   246
   421
   519
   703
  1185
  2205

16 threads
   188
   197
   196
   198
   183
   217
   205
   216
   210
   250
   340
   382
   503
   647
  1004
  1466
  2382
no threads
Uniform data set
     0 
     1 
     0 
     0 
     0 
     1 
     2 
     4 
    10 
    22 
    44 
   102 
   220 
   371 
   705 
  1360 
  2882 

1 threads
    18
    14
    13
    22
     5
     7
    14
    10
    40
    48
    71
   113
   222
   447
   806
  1561
  3094

2 threads
    23
    24
    23
    23
    30
    45
    27
    36
    32
    64
   118
   196
   255
   383
   617
  1158
  2249

4 threads
    64
    60
    61
    71
    60
    85
    87
    80
   102
   110
   169
   173
   255
   423
   695
  1280
  2335

8 threads
    74
    61
    93
   101
    77
   145
   111
   177
    97
   142
   218
   293
   348
   521
   701
  1249
  2186

16 threads
   160
   172
   160
   225
   209
   139
   118
   216
   229
   279
   325
   448
   540
   728
   987
  1388
  2427
no threads
Bernoulli data set
     0 
     0 
     0 
     1 
     1 
     1 
     2 
     4 
    10 
    26 
    42 
   127 
   213 
   354 
   694 
  1361 
  2801 

1 threads
    15
    17
    14
    19
    25
    23
    37
    51
    61
    57
   121
   143
   249
   429
   814
  1614
  2999

2 threads
    25
     9
    15
    22
     7
    26
    28
    32
    39
    36
    68
   175
   285
   438
   706
  1246
  2149

4 threads
    44
    54
    55
    50
    61
    88
   106
    80
   106
    98
   147
   167
   310
   389
   620
  1205
  2158

8 threads
    87
    91
   124
   107
   117
   105
   160
   127
   127
   127
   122
   289
   289
   541
   713
  1227
  2377

16 threads
   196
   231
   249
   227
   245
   204
   254
   183
   183
   265
   317
   374
   456
   667
   934
  1448
  2491
no threads
Gaussian data set
     0 
     0 
     0 
     0 
     0 
     1 
     2 
     4 
    13 
    24 
    44 
    90 
   188 
   394 
   743 
  1540 
  2634 

1 threads
    29
    29
    15
    13
    15
    19
    22
    25
    36
    42
    70
   149
   242
   463
   860
  1704
  2731

2 threads
    27
    26
    22
    23
    23
    27
    58
    32
    41
    66
    99
   121
   268
   452
   760
  1318
  1703

4 threads
    42
    50
    43
    36
    50
    54
    48
   107
    93
   142
   162
   187
   302
   468
   783
  1397
  1745

8 threads
    79
    96
    99
    69
   113
   157
   156
   181
   146
   194
   164
   255
   305
   587
   880
  1400
  1758

16 threads
   142
   192
   197
   346
   247
   230
   224
   244
   307
   270
   271
   301
   446
   722
  1043
  1605
  1870
no threads
Zero data set
     0 
     0 
     1 
     0 
     0 
     2 
     2 
     4 
     9 
    19 
    47 
    95 
   193 
   379 
   876 
  1566 
  3169 

1 threads
     9
    43
    27
    14
    21
    22
    23
    22
    32
    50
    81
   176
   286
   476
   864
  1806
  3380

2 threads
    14
    12
    14
    14
    23
    41
    41
    71
    65
    57
   146
   148
   288
   409
   823
  1442
  2881

4 threads
    33
    53
    43
    56
    39
    40
    44
    51
    80
   122
   107
   237
   355
   501
   746
  1358
  2738

8 threads
    81
    70
   121
    96
   120
   141
   136
   153
   161
   119
   240
   240
   393
   588
   853
  1454
  2682

16 threads
   218
   215
   256
   296
   248
   241
   176
   319
   269
   344
   412
   449
   468
   747
  1035
  1571
  2814


Run Number: 4
no threads
Random data set
     0 
     0 
     0 
     0 
     0 
     1 
     2 
     4 
    12 
    19 
    62 
    96 
   200 
   388 
   785 
  1540 
  3136 

1 threads
    25
     4
     5
     6
    12
     6
     7
    17
    20
    34
    65
   190
   293
   488
   935
  1761
  3433

2 threads
    20
    25
    10
    29
    22
    24
    30
    37
    25
    64
    71
   149
   283
   502
   721
  1325
  2542

4 threads
    57
    70
    88
    82
    45
    48
   117
    48
   108
   100
   137
   212
   342
   500
   696
  1404
  2704

8 threads
    92
   176
    94
    97
   123
   132
   121
   123
    82
   123
   179
   326
   354
   598
   904
  1462
  2708

16 threads
   253
   222
   194
   180
   219
   219
   213
   271
   221
   213
   304
   405
   592
   745
  1050
  1476
  2751
no threads
Discrete data set
     0 
     0 
     0 
     0 
     0 
     1 
     2 
     5 
    15 
    44 
    66 
   120 
   235 
   378 
   744 
  1494 
  3013 

1 threads
    17
    12
    19
     5
    10
     7
    20
    14
    21
    53
    90
   129
   235
   465
   859
  1814
  3385

2 threads
    40
    25
    25
    26
    27
    24
    26
    47
    70
    45
   134
   194
   241
   435
   732
  1329
  2568

4 threads
    54
    61
    51
    81
    40
    33
    46
    61
    81
    82
   152
   316
   243
   438
   688
  1415
  2632

8 threads
    80
    95
   166
   119
   100
    98
   118
   128
   154
   181
   194
   329
   381
   557
   815
  1335
  2619

16 threads
   221
   238
   209
   194
   187
   227
   265
   158
   181
   276
   355
   358
   525
   842
   991
  1464
  2582
no threads
Uniform data set
     0 
     0 
     0 
     0 
     1 
     1 
     9 
     4 
     9 
    31 
    55 
   103 
   199 
   395 
   759 
  1483 
  3089 

1 threads
    10
    13
    19
    24
    18
    20
    22
    27
    26
    75
    91
   169
   271
   508
   860
  1674
  3206

2 threads
    10
    27
     9
    10
    15
    10
    25
    21
    48
    55
    91
   171
   276
   424
   761
  1328
  2500

4 threads
    42
    45
    55
    64
    51
    64
    64
    99
    75
   136
   148
   242
   246
   457
   824
  1426
  2674

8 threads
   126
    96
   133
   138
   132
   121
    88
    75
   118
   165
   215
   303
   428
   570
   874
  1355
  2451

16 threads
   180
   243
   180
   269
   148
   246
   202
   231
   314
   275
   318
   413
   505
   800
  1023
  1530
  2584
no threads
Bernoulli data set
     0 
     0 
     0 
     0 
     1 
     1 
     3 
     4 
     9 
    18 
    41 
    96 
   186 
   388 
   772 
  1514 
  3018 

1 threads
    12
     5
     6
     7
     6
     7
     9
    21
    26
    39
    60
   135
   232
   528
   982
  1776
  3264

2 threads
    50
    21
    23
    24
    22
    29
    44
    28
    45
    89
   109
   159
   238
   445
   761
  1244
  2812

4 threads
    41
    34
    39
    46
    66
    57
    99
   133
    82
    57
   122
   158
   281
   459
   775
  1414
  2714

8 threads
   104
   122
   112
    84
   117
   135
   104
    95
    72
    90
   141
   255
   348
   570
   858
  1475
  2605

16 threads
   193
   311
   120
   180
   226
   227
   192
   187
   278
   260
   266
   382
   499
   719
  1133
  1684
  3040
no threads
Gaussian data set
     0 
     0 
     0 
     0 
     1 
     1 
     3 
     5 
     9 
    19 
    39 
    91 
   195 
   372 
   788 
  1597 
  2496 

1 threads
    18
    13
    13
    14
    16
    20
    21
    26
    39
    52
    91
   150
   292
   456
   928
  1622
  2537

2 threads
    25
    23
    25
    23
    24
    28
    29
    22
    34
    52
    92
   139
   236
   378
   699
  1321
  1578

4 threads
    57
    40
    36
    40
    36
    40
    44
    49
    94
    92
    95
   154
   254
   454
   774
  1333
  1851

8 threads
    92
    69
    71
    88
    82
   103
   105
    85
    88
   117
   169
   264
   418
   580
   888
  1538
  1856

16 threads
   140
   168
   180
   158
   175
    99
   240
   247
   236
   306
   242
   430
   508
   742
  1165
  1601
  2183
no threads
Zero data set
     0 
     0 
     0 
     1 
     0 
     1 
     2 
     5 
     9 
    18 
    37 
    78 
   163 
   346 
   717 
  1393 
  2827 

1 threads
    32
     5
    21
    14
    14
    26
     7
    12
    37
    42
    68
   129
   235
   420
   877
  1524
  3041

2 threads
    29
    26
    24
    11
    31
    37
    64
    48
    62
    68
   118
   140
   292
   539
   868
  1312
  2323

4 threads
    45
    51
    62
    52
    77
    42
    68
    61
    62
   103
   138
   258
   307
   511
   823
  1445
  2486

8 threads
    94
   134
   105
    95
   105
   104
    83
   184
   107
   173
   219
   232
   384
   615
   885
  1415
  2591

16 threads
   199
   257
   199
   282
   173
   268
   284
   161
   262
   256
   342
   396
   495
   683
   973
  1701
  2860


Run Number: 5
no threads
Random data set
     0 
     0 
     0 
     0 
     0 
     1 
     2 
     7 
    16 
    21 
    50 
    94 
   184 
   373 
   737 
  1434 
  2794 

1 threads
    16
     7
    14
    20
     6
    15
    27
    15
    36
    37
    60
   141
   290
   497
   852
  1653
  3050

2 threads
    47
    25
    23
    32
    16
    84
    65
    60
    87
    45
    80
   221
   291
   466
   706
  1268
  2157

4 threads
    52
    51
    72
    92
    63
    62
    91
    51
    74
   134
   147
   172
   267
   466
   646
  1145
  2209

8 threads
   124
    88
   187
   153
    61
   182
   115
   167
   111
   150
   219
   223
   396
   558
   816
  1288
  2303

16 threads
   248
   258
   222
   266
   190
   213
   254
   268
   199
   246
   284
   360
   567
   749
   947
  1248
  2421
no threads
Discrete data set
     0 
     0 
     1 
     0 
     0 
     1 
    11 
     9 
     8 
    24 
    43 
   124 
   183 
   380 
   747 
  1405 
  2753 

1 threads
    24
    20
    40
    23
    23
    21
    25
    57
    55
    76
   129
   147
   247
   454
   802
  1651
  3179

2 threads
    47
    23
    22
    27
    23
    23
    29
    44
    38
    47
   108
   209
   256
   401
   615
  1253
  2459

4 threads
    51
    53
    50
    54
    32
    47
    92
    87
   100
   115
   190
   222
   273
   447
   763
  1250
  2508

8 threads
    74
    93
   166
   118
    93
   112
   136
   174
   205
   207
   181
   296
   377
   553
   782
  1391
  2473

16 threads
   130
   111
   177
   232
   211
   356
   234
   222
   300
   256
   323
   400
   437
   689
  1038
  1478
  2548
no threads
Uniform data set
     0 
     0 
     0 
     1 
     0 
     1 
     2 
     7 
     9 
    27 
    52 
    87 
   177 
   383 
   717 
  1414 
  2929 

1 threads
    20
     8
    28
    31
    17
    18
    24
    21
    71
    66
   101
   134
   238
   508
   898
  1776
  3504

2 threads
    32
    23
    30
    10
    30
    10
    26
    27
    57
    58
   101
   195
   239
   467
   664
  1224
  2377

4 threads
    58
    81
    51
    68
    59
    45
    60
    76
    86
   106
   158
   178
   320
   513
   774
  1277
  2391

8 threads
    83
    72
    58
    84
    64
    90
   132
   119
    94
   141
   151
   266
   388
   544
   761
  1253
  2353

16 threads
   159
   172
   230
   167
   214
   292
   225
   280
   307
   336
   321
   388
   493
   746
  1030
  1457
  2548
no threads
Bernoulli data set
     0 
     0 
     0 
     0 
     0 
     1 
     2 
     7 
    10 
    19 
    44 
    96 
   201 
   358 
   700 
  1349 
  2738 

1 threads
    16
     5
     5
    16
    14
     6
    18
    26
    29
    35
    61
   132
   247
   488
   912
  1690
  3499

2 threads
    32
    30
    16
    33
    29
    34
    52
    66
    61
    91
   135
   160
   257
   416
   772
  1210
  2435

4 threads
    41
    57
    41
    84
    21
    48
    51
    88
   101
   137
   149
   204
   300
   444
   740
  1304
  2511

8 threads
   105
   107
   105
    82
   136
    99
   132
   110
   129
   123
   267
   307
   424
   532
   819
  1354
  2452

16 threads
   227
   151
   153
   183
   265
   165
   215
   245
   236
   281
   308
   411
   539
   633
   986
  1482
  2536
no threads
Gaussian data set
     0 
     0 
     0 
     0 
     1 
     2 
     9 
     4 
    11 
    19 
    42 
    98 
   190 
   355 
   708 
  1446 
  2459 

1 threads
    18
    14
    13
    14
    14
    18
    19
    24
    56
    51
    96
   124
   249
   507
   812
  1725
  2548

2 threads
    23
    24
    22
    23
    23
    27
    32
    14
    41
    49
    78
   125
   214
   394
   672
  1237
  1626

4 threads
    45
    39
    37
    37
    53
    34
    49
    49
    56
    50
   105
   156
   268
   441
   753
  1369
  1637

8 threads
    73
    66
   100
    82
    94
   146
   116
   151
   145
   109
   212
   254
   381
   524
   828
  1434
  1679

16 threads
   144
   124
   170
   187
   237
   183
   198
   206
   280
   285
   229
   370
   524
   728
  1040
  1462
  1870
no threads
Zero data set
     0 
     0 
     0 
     1 
     0 
     2 
     2 
     4 
     8 
    18 
    37 
    81 
   168 
   338 
   727 
  1538 
  2886 

1 threads
    10
    23
    35
    17
    36
    16
    36
    25
    61
    56
    71
   173
   288
   497
   938
  1577
  3382

2 threads
    16
    31
     9
    36
     9
    30
    28
    38
    22
    36
    93
   170
   279
   457
   729
  1280
  2506

4 threads
    49
    71
    53
    68
    67
    61
    86
    71
    86
   109
   173
   223
   340
   522
   720
  1347
  2499

8 threads
    97
   121
    67
   126
   171
   117
   155
    86
   134
   147
   277
   294
   361
   487
   836
  1416
  2485

16 threads
   213
   215
   213
   216
   273
   207
   299
   254
   236
   226
   271
   356
   622
   753
  1022
  1469
  2648


Run Number: 6
no threads
Random data set
     0 
     0 
     0 
     0 
     5 
     1 
     3 
     5 
     8 
    24 
    48 
    99 
   238 
   412 
   697 
  1406 
  2807 

1 threads
    31
    18
    33
    31
    19
    20
    13
    34
    27
    53
    80
   196
   254
   487
   929
  1695
  3444

2 threads
    37
    23
    37
    40
    26
    14
    34
    22
    36
    51
   120
   143
   282
   411
   724
  1302
  2492

4 threads
    49
    66
    56
    93
    64
    54
    64
    70
    55
   117
   183
   308
   347
   459
   866
  1434
  2737

8 threads
   151
    90
   112
   201
   124
   139
   140
   147
   145
   232
   293
   367
   470
   603
   977
  1460
  2797

16 threads
   229
   212
   226
   198
   254
   269
   199
   297
   331
   254
   332
   382
   500
   825
  1231
  1772
  3085
no threads
Discrete data set
     0 
     0 
     0 
     0 
     0 
     1 
     2 
     5 
    17 
    22 
    48 
    95 
   216 
   369 
   709 
  1413 
  2758 

1 threads
    23
    21
    18
    15
    23
    20
    29
    33
    27
    58
   115
   163
   279
   477
   924
  1735
  3426

2 threads
    22
    27
    27
    23
    22
    24
    25
    61
    37
    58
   101
   163
   294
   442
   792
  1280
  2455

4 threads
    59
    85
    88
    75
    88
    42
    30
    63
   112
   143
   185
   264
   355
   515
   723
  1229
  2328

8 threads
   102
    99
    85
   103
    85
   122
   114
   149
   125
   169
   258
   331
   416
   578
   962
  1461
  2495

16 threads
   181
   176
   208
   191
   210
   236
   246
   204
   219
   189
   264
   388
   531
   817
  1079
  1691
  2784
no threads
Uniform data set
     0 
     0 
     0 
     0 
     0 
     1 
     2 
     5 
    10 
    28 
    56 
   108 
   201 
   393 
   822 
  1577 
  3205 

1 threads
     8
     6
     6
     8
    24
    30
    43
    20
    36
    69
   137
   166
   289
   445
   906
  1793
  3174

2 threads
    26
    36
    40
    36
    47
    39
    26
    35
    54
    61
   121
   196
   249
   438
   724
  1274
  2381

4 threads
    32
    42
    29
    59
    50
    58
    41
    61
    94
    94
   145
   225
   334
   496
   749
  1318
  2397

8 threads
    97
   117
    83
    87
    90
    92
   169
   129
   149
   133
   217
   311
   458
   606
   816
  1359
  2383

16 threads
   187
   225
   235
   204
   202
   206
   216
   243
   321
   372
   362
   445
   592
   683
   926
  1371
  2448
no threads
Bernoulli data set
     0 
     0 
     1 
     0 
     1 
     1 
     2 
     5 
     9 
    24 
    51 
    97 
   192 
   381 
   720 
  1431 
  2901 

1 threads
    22
    14
    16
     6
    10
    31
     7
    32
    26
    39
    63
   131
   305
   481
   856
  1689
  2928

2 threads
    46
    46
    20
    50
    47
    46
    47
    52
    87
   106
   167
   205
   266
   436
   704
  1232
  2493

4 threads
    39
    84
    63
    60
    65
    73
   124
    62
   106
   103
   141
   231
   316
   471
   723
  1412
  2453

8 threads
   107
    99
    89
    93
    94
    98
    78
   135
   125
   145
   220
   343
   442
   561
   792
  1399
  2525

16 threads
   208
   259
   234
   222
   214
   247
   271
   207
   189
   235
   311
   489
   456
   716
  1071
  1600
  2546
no threads
Gaussian data set
     0 
     0 
     0 
     0 
     1 
     1 
     3 
     4 
    12 
    22 
    48 
    92 
   182 
   360 
   727 
  1402 
  2451 

1 threads
    16
    13
    14
    17
    14
    17
    20
    23
    51
    40
   113
   164
   257
   436
   865
  1632
  2528

2 threads
    23
    26
    23
    22
    24
    27
    28
    38
    39
    56
   100
   158
   254
   326
   812
  1279
  1564

4 threads
    41
    39
    36
    41
    39
    23
    49
    47
    69
    75
    79
   209
   279
   535
   661
  1225
  1652

8 threads
    75
    68
   115
    71
    72
    82
   151
   124
   130
   165
   198
   234
   339
   538
   804
  1367
  1668

16 threads
   136
   135
   136
   112
   125
   146
   166
   244
   271
   319
   350
   377
   580
   754
  1028
  1431
  1865
no threads
Zero data set
     0 
     0 
     0 
     0 
     1 
     1 
     2 
     4 
     9 
    18 
    41 
    80 
   184 
   336 
   670 
  1416 
  3038 

1 threads
    13
    21
    20
    14
    23
    20
    18
    20
    24
    36
    75
   154
   292
   476
   911
  1561
  3114

2 threads
    25
     9
    35
    24
    34
    13
    15
    17
    47
    45
   124
   168
   230
   378
   700
  1267
  2359

4 threads
    44
    62
    49
    58
    45
    67
    62
    74
   129
    98
   155
   193
   293
   471
   768
  1300
  2411

8 threads
    62
   102
   146
    71
   157
    98
   113
   133
   140
   152
   187
   268
   327
   576
   756
  1352
  2440

16 threads
   206
   187
   213
   285
   172
   280
   177
   247
   229
   256
   341
   353
   522
   694
   963
  1451
  2566


Run Number: 7
no threads
Random data set
     0 
     1 
     0 
     0 
     1 
     2 
     2 
     7 
    10 
    19 
    49 
   106 
   201 
   393 
   726 
  1478 
  2988 

1 threads
    18
    14
    15
    20
     6
     7
    14
    11
    32
    31
    70
   131
   250
   455
   818
  1562
  3128

2 threads
    36
    13
    15
    23
    32
    19
    32
    36
    53
    59
   101
   202
   241
   426
   664
  1396
  2335

4 threads
    42
    89
    39
    60
    62
    59
    59
   101
    61
   139
   181
   194
   297
   432
   714
  1348
  2501

8 threads
   142
    70
    84
   114
   140
   100
   108
    87
   108
   139
   181
   194
   346
   537
   829
  1370
  2420

16 threads
   171
   191
   231
   191
   207
   192
   195
   190
   271
   233
   322
   387
   514
   627
   966
  1452
  2398
no threads
Discrete data set
     0 
     0 
     1 
     0 
     1 
     1 
     9 
     4 
    10 
    21 
    40 
    93 
   174 
   350 
   689 
  1379 
  2821 

1 threads
    22
    14
    33
    15
    14
    21
    21
    32
    41
    74
    99
   153
   276
   445
   924
  1550
  3310

2 threads
    22
    23
    22
    22
    23
    23
    34
    34
    32
    59
   129
   177
   252
   396
   734
  1311
  2436

4 threads
    40
    70
    28
    75
    92
    31
    78
    76
   102
   109
   189
   244
   237
   490
   743
  1335
  2437

8 threads
    61
    94
    79
    78
   108
   154
   131
   149
   144
   127
   188
   297
   355
   534
   830
  1379
  2436

16 threads
   173
   246
   212
   207
   240
   260
   221
   220
   253
   242
   222
   431
   462
   726
  1108
  1554
  2549
no threads
Uniform data set
     0 
     0 
     0 
     1 
     1 
     1 
     9 
     4 
    19 
    19 
    52 
    91 
   193 
   374 
   703 
  1411 
  2781 

1 threads
    23
    39
    16
     9
    27
    21
    21
    43
    59
    70
   106
   147
   261
   518
   872
  1691
  3232

2 threads
    46
    28
    27
    25
    35
    69
    29
    29
    60
    88
    90
   133
   303
   456
   773
  1290
  2390

4 threads
    48
    62
    56
    42
    78
    52
    55
    96
   102
   100
   130
   207
   292
   393
   736
  1323
  2453

8 threads
   111
    89
   151
   101
   100
   131
   137
   175
    97
   172
   178
   192
   394
   599
   943
  1718
  2796

16 threads
   229
   201
   251
   220
   229
   239
   239
   229
   232
   271
   302
   377
   536
   754
  1236
  1905
  2904
no threads
Bernoulli data set
     0 
     0 
     0 
     0 
     0 
     1 
     2 
     4 
     8 
    28 
    39 
   130 
   200 
   373 
   789 
  1511 
  2759 

1 threads
    39
    22
     5
     5
    10
    24
    20
    42
    69
    63
    83
   152
   249
   484
   930
  1585
  3577

2 threads
    29
    40
    16
    30
    43
    27
    77
    18
    54
    93
   107
   164
   265
   459
   713
  1247
  2457

4 threads
    49
    55
    63
    52
    88
    58
   113
    43
   101
   138
   131
   148
   289
   441
   731
  1248
  2473

8 threads
    77
   120
   109
   120
   142
   123
   131
   121
   142
   135
   115
   235
   424
   545
   719
  1297
  2422

16 threads
   255
   238
   198
   275
   208
   198
   252
   219
   188
   271
   320
   453
   540
   706
  1009
  1424
  2629
no threads
Gaussian data set
     0 
     0 
     0 
     1 
     1 
     1 
     2 
     6 
    10 
    19 
    48 
    89 
   180 
   341 
   687 
  1356 
  2543 

1 threads
    16
    14
    14
    14
    14
    18
    22
    25
    60
    51
    98
   138
   266
   465
   837
  1669
  2594

2 threads
    23
    22
    22
    22
    25
    25
    29
    27
    58
    88
   124
   139
   265
   424
   719
  1286
  1593

4 threads
    39
    35
    39
    39
    38
    38
    45
    44
    72
    57
   147
   193
   277
   520
   696
  1328
  1672

8 threads
    94
    79
    88
    68
    78
   104
    79
   109
   162
   101
   134
   244
   339
   577
   801
  1413
  1683

16 threads
   141
   163
   132
   141
   134
   111
   204
   259
   214
   263
   368
   439
   492
   789
   966
  1480
  1843
no threads
Zero data set
     0 
     0 
     0 
     0 
     1 
     1 
     2 
     5 
     9 
    17 
    38 
    78 
   195 
   391 
   734 
  1402 
  2797 

1 threads
     9
    14
    15
    16
    13
    22
    39
    26
    66
    63
    98
   159
   276
   521
   874
  1618
  3388

2 threads
    52
    26
    21
    26
    45
    59
    40
    47
    38
   110
   106
   180
   272
   468
   667
  1255
  2450

4 threads
    62
    56
    66
    69
    63
    56
    71
    52
    54
   109
   160
   255
   316
   453
   730
  1230
  2556

8 threads
    92
    85
   138
   106
   116
    80
   116
   150
   148
   187
   185
   244
   381
   568
   840
  1339
  2477

16 threads
   165
   203
   213
   228
   257
   198
   279
   258
   282
   319
   355
   383
   481
   674
   980
  1479
  2542


Run Number: 8
no threads
Random data set
     0 
     0 
     0 
     0 
     0 
     1 
     2 
     5 
    10 
    26 
    51 
   128 
   262 
   353 
   671 
  1507 
  2843 

1 threads
    28
     7
    19
    35
    16
    25
    24
    39
    55
    79
   128
   152
   255
   463
   909
  1753
  3290

2 threads
    29
    37
    27
    20
    27
    29
    29
    19
    57
    44
   138
   186
   331
   427
   689
  1251
  2905

4 threads
    86
    31
    15
    91
    45
    43
    55
    78
   125
   127
   126
   214
   345
   446
   821
  1353
  2446

8 threads
   119
   151
   125
   101
    84
   132
   157
   141
   113
   162
   260
   277
   459
   529
   817
  1383
  2501

16 threads
   208
   183
   267
   188
   151
   239
   227
   304
   309
   298
   330
   410
   437
   747
  1013
  1449
  2454
no threads
Discrete data set
     0 
     0 
     0 
     0 
     0 
     1 
     2 
     4 
    14 
    46 
    51 
    89 
   181 
   359 
   699 
  1452 
  2906 

1 threads
    20
    15
    15
    25
    17
    23
    19
    32
    25
    54
    94
   171
   262
   460
   846
  1712
  3245

2 threads
    25
    14
    29
    31
    23
    24
    26
    43
    38
    54
   105
   162
   281
   400
   635
  1140
  2309

4 threads
    52
    41
    57
    25
    36
    31
    44
    59
    68
   107
   186
   206
   342
   405
   726
  1172
  2249

8 threads
   133
   111
    90
   124
   119
   115
    70
   105
   116
   141
   164
   308
   388
   576
   727
  1246
  2184

16 threads
   185
   227
   208
   249
   261
   184
   221
   258
   234
   261
   396
   418
   424
   741
   955
  1483
  2416
no threads
Uniform data set
     0 
     0 
     0 
     0 
     1 
     1 
     2 
     5 
     9 
    18 
    47 
    91 
   185 
   425 
   709 
  1410 
  2803 

1 threads
    24
    30
    19
    18
    22
    15
    23
    30
    49
    58
    77
   148
   302
   505
   909
  1641
  3100

2 threads
    22
    35
    46
    47
    52
    42
    50
    27
    85
    97
   108
   206
   222
   443
   651
  1230
  2543

4 threads
    45
    89
    41
   102
    61
    43
    65
    77
    84
    75
    98
   159
   336
   496
   806
  1364
  2654

8 threads
   145
   131
   161
   126
   100
   130
   106
    89
   135
   137
   204
   255
   397
   622
   902
  1571
  2751

16 threads
   170
   319
   205
   258
   210
   291
   180
   279
   318
   251
   305
   456
   526
   742
  1082
  1458
  2753
no threads
Bernoulli data set
     0 
     0 
     0 
     0 
     0 
     1 
     2 
     5 
     9 
    26 
    64 
   115 
   188 
   352 
   708 
  1384 
  2809 

1 threads
    16
    13
    16
    23
     6
     7
     8
    19
    34
    31
    65
   181
   246
   445
   904
  1621
  3364

2 threads
    41
    59
    31
    23
    15
    43
    33
    44
    61
   102
   138
   159
   278
   443
   656
  1341
  2443

4 threads
    69
    70
    42
    75
    78
    39
    68
    82
    61
    68
   153
   270
   312
   484
   712
  1292
  2481

8 threads
    96
   112
   118
    93
   128
   159
   133
   113
   101
   115
   141
   319
   367
   566
   794
  1414
  2587

16 threads
   248
   261
   228
   227
   215
   208
   189
   270
   279
   295
   292
   408
   522
   667
  1041
  1486
  2544
no threads
Gaussian data set
     0 
     0 
     0 
     0 
     1 
     1 
     7 
     5 
     8 
    17 
    43 
    87 
   178 
   368 
   734 
  1453 
  2636 

1 threads
    17
    14
    15
    14
    21
     7
    15
    23
    52
    54
    92
   144
   277
   488
   886
  1709
  2605

2 threads
    24
    31
    22
    23
    46
    29
    33
    34
    39
    85
   141
   198
   238
   442
   640
  1091
  1613

4 threads
    44
    40
    40
    37
    62
    47
    44
    47
   114
    92
    94
   191
   309
   472
   672
  1250
  1634

8 threads
    68
    66
    76
    90
   107
   145
   121
   172
   133
   152
   221
   261
   325
   533
   759
  1439
  1710

16 threads
   154
   159
   163
   217
   237
   245
   253
   218
   253
   262
   299
   477
   506
   635
   947
  1670
  1810
no threads
Zero data set
     0 
     0 
     0 
     0 
     1 
     1 
     2 
     4 
     8 
    19 
    39 
    88 
   175 
   417 
   879 
  1484 
  3012 

1 threads
    26
    17
    14
    15
    38
    34
    21
    63
    33
    56
    93
   144
   308
   465
   978
  1797
  3462

2 threads
    25
    30
    36
    38
    23
    33
    29
    26
    37
    60
    91
   153
   245
   413
   676
  1306
  2537

4 threads
    40
    47
    40
    27
    39
    30
    31
    45
   103
   151
   168
   232
   310
   451
   743
  1314
  2621

8 threads
    94
   109
   139
   116
   168
   111
   194
   125
   140
   136
   211
   310
   362
   620
   900
  1349
  2665

16 threads
   200
   166
   192
   176
   193
   143
   212
   258
   221
   268
   322
   332
   532
   754
  1102
  1553
  2638


Run Number: 9
no threads
Random data set
     0 
     0 
     0 
     0 
     1 
     1 
     2 
     4 
    14 
    29 
    50 
   103 
   204 
   396 
   760 
  1450 
  2765 

1 threads
    19
    25
    18
    23
    25
    15
    17
    54
    49
    65
    95
   147
   253
   408
   930
  1677
  3317

2 threads
    18
    19
    15
    32
    10
    34
    13
    36
    19
    34
   108
   227
   273
   432
   755
  1297
  2539

4 threads
    75
    65
    69
    73
    67
    89
    80
    45
    63
    74
   128
   193
   289
   515
   703
  1341
  2539

8 threads
   115
    93
   166
   161
   117
    88
   130
   117
   140
   129
   177
   227
   376
   574
   794
  1346
  2601

16 threads
   173
   237
   207
   169
   181
   209
   226
   189
   231
   286
   251
   459
   562
   763
  1042
  1451
  2685
no threads
Discrete data set
     0 
     0 
     1 
     0 
     1 
     1 
     2 
     4 
    10 
    22 
    49 
    92 
   189 
   355 
   712 
  1452 
  2882 

1 threads
    23
    11
    24
    27
    35
    27
    40
    82
    45
    82
   138
   113
   258
   503
   883
  1672
  3463

2 threads
    26
    23
    22
    23
    23
    27
    29
    60
    36
    58
   138
   176
   263
   483
   593
  1183
  2141

4 threads
    58
    86
    87
    70
    62
    46
    36
    93
    55
   100
   193
   205
   328
   395
   688
  1238
  2278

8 threads
    83
   151
    83
    60
   148
   122
   104
    90
   124
   157
   242
   287
   456
   564
   790
  1161
  2215

16 threads
   248
   183
   147
   174
   128
   180
   188
   218
   202
   204
   254
   413
   468
   622
  1065
  1373
  2418
no threads
Uniform data set
     0 
     0 
     0 
     0 
     1 
     1 
     2 
     4 
     8 
    45 
    41 
    96 
   181 
   365 
   703 
  1465 
  2885 

1 threads
    16
    26
    12
    14
    25
     7
    14
    29
    25
    47
    58
   164
   249
   411
   785
  1594
  3217

2 threads
    25
    24
    32
    32
    26
    40
    41
    37
    46
    89
   102
   149
   288
   406
   707
  1265
  2320

4 threads
    64
    78
    69
    77
    66
    91
    69
    85
    97
   133
   156
   216
   313
   481
   726
  1278
  2285

8 threads
   105
    92
    83
    80
    99
   100
   143
   143
   115
   148
   160
   286
   275
   558
   740
  1256
  2420

16 threads
   220
   233
   168
   154
   211
   179
   214
   224
   213
   278
   294
   386
   436
   716
   982
  1324
  2333
no threads
Bernoulli data set
     0 
     1 
     0 
     0 
     0 
     1 
     2 
     5 
    12 
    18 
    42 
   109 
   196 
   396 
   793 
  1432 
  2843 

1 threads
    32
     5
    13
    18
     7
    15
    23
    21
    33
    44
    78
   164
   278
   444
   873
  1598
  3097

2 threads
    30
    52
    24
    26
    29
    31
    44
    52
    63
   102
   111
   162
   282
   361
   681
  1196
  2220

4 threads
    45
    68
    74
    79
    57
    40
    66
    53
    67
   139
   164
   217
   339
   478
   667
  1134
  2283

8 threads
    88
    89
    84
   103
    95
   106
    93
   109
   104
   163
   233
   296
   424
   640
   859
  1247
  2354

16 threads
   156
   215
   247
   245
   154
   116
   277
   259
   250
   300
   423
   468
   449
   673
  1050
  1749
  2786
no threads
Gaussian data set
     0 
     0 
     0 
     1 
     0 
     1 
     2 
     5 
     9 
    23 
    43 
   105 
   194 
   395 
   737 
  1475 
  2661 

1 threads
    17
    13
    13
    14
    15
    18
    22
    27
    43
    52
    89
   124
   301
   451
   855
  1680
  2601

2 threads
    26
    23
    23
    25
    23
    28
    29
    37
    38
    47
   107
   185
   285
   393
   731
  1195
  1676

4 threads
    41
    39
    35
    37
    40
    37
    48
    48
    74
    95
   165
   208
   282
   447
   702
  1354
  1642

8 threads
    77
    88
    96
    80
    81
    90
    75
    83
   120
   119
   199
   283
   331
   489
   717
  1235
  1764

16 threads
   141
   154
   150
   285
   233
   205
   266
   203
   214
   316
   146
   349
   538
   735
  1096
  1517
  1816
no threads
Zero data set
     0 
     0 
     0 
     1 
     0 
     2 
     2 
     5 
     9 
    18 
    38 
    77 
   174 
   348 
   736 
  1463 
  2851 

1 threads
    16
    10
    16
    15
    15
    20
    31
    25
    34
    61
   101
   149
   259
   449
   950
  1690
  3166

2 threads
    25
    25
    53
    43
    17
    18
    61
    40
    44
    87
   111
   161
   258
   438
   805
  1321
  2451

4 threads
    37
    51
    39
    44
    63
    46
    40
    47
    79
    90
   112
   236
   278
   390
   704
  1225
  2560

8 threads
    88
   102
    97
   115
    93
   137
   113
   131
   136
   123
   208
   307
   389
   580
   891
  1458
  2835

16 threads
   211
   196
   212
   229
   187
   181
   288
   257
   267
   253
   341
   393
   610
   675
  1089
  1835
  3117
BUILD SUCCESSFUL (total time: 70 minutes 23 seconds)
