run:
cores = 2
Windows 10


Run Number: 1
no threads
Random data set
     0 
     0 
    15 
     0 
     0 
     0 
     0 
     0 
    16 
    31 
    47 
   141 
   156 
   329 
   657 
  1281 
  2562 

1 threads
    109
     47
     46
     32
     15
     16
     31
     31
     31
     47
     94
    125
    219
    391
    703
   1359
   2765

2 threads
     32
     47
     31
     31
     47
     47
     31
     47
     46
     79
     63
     94
    141
    281
    484
    953
   1718

4 threads
     78
     78
     63
    157
     62
     63
     62
     62
     63
     62
     78
    110
    172
    249
    626
    844
   1609

8 threads
    125
    125
    125
    124
    125
    125
    110
    125
    141
    140
    157
    140
    203
    312
    499
    875
   1766

16 threads
    265
    250
    250
    250
    265
    249
    266
    266
    234
    234
    281
    265
    313
    407
    625
    985
   1749
no threads
Discrete data set
     0 
     0 
     0 
     0 
     0 
     0 
     0 
     0 
     0 
    16 
    46 
    78 
   156 
   359 
   641 
  1280 
  2610 

1 threads
     46
     32
     31
     31
     31
     32
     15
     31
     47
     47
     62
    141
    235
    374
    735
   1376
   2718

2 threads
     47
     31
     47
     47
     47
     31
     30
     30
     47
     62
     63
    109
    157
    266
    515
    984
   1953

4 threads
     62
     62
     79
     62
     78
     78
     62
     79
     78
     78
     93
    109
    156
    265
    438
    828
   1609

8 threads
    125
    125
    125
    125
    126
    141
    140
    171
    142
    156
    141
    172
    234
    313
    483
    890
   1703

16 threads
    250
    250
    250
    250
    250
    266
    250
    250
    266
    250
    266
    297
    344
    423
    610
    985
   1797
no threads
Uniform data set
     0 
     0 
     0 
     0 
     0 
     0 
     0 
     0 
    15 
    15 
    47 
    78 
   156 
   343 
   656 
  1297 
  2625 

1 threads
     31
     32
     31
     31
     31
     31
     47
     47
     47
     63
     78
    140
    235
    375
    735
   1421
   2671

2 threads
     47
     30
     47
     32
     47
     31
     31
     47
     47
     47
     78
     94
    172
    343
    515
    954
   1750

4 threads
     62
     63
     62
     63
     62
     63
     63
     62
     62
     94
     94
    109
    155
    266
    454
    830
   1594

8 threads
    108
    110
    125
    125
    140
    110
    125
    109
    110
    124
    140
    156
    218
    313
    610
    875
   1640

16 threads
    249
    266
    250
    281
    250
    266
    234
    234
    250
    249
    250
    266
    312
    422
    593
    984
   1734
no threads
Bernoulli data set
     0 
     0 
     0 
     0 
     0 
     0 
     0 
     0 
    16 
    16 
    32 
    78 
   187 
   343 
   671 
  1297 
  2578 

1 threads
     31
     15
     31
     32
     15
     31
     32
     31
     32
     46
     78
    108
    203
    375
    703
   1376
   2672

2 threads
     46
     47
     31
     31
     47
     31
     32
     30
     48
     62
     78
    108
    156
    267
    515
    954
   1718

4 threads
     62
     48
     62
     62
     47
     46
     47
     63
     78
     77
     93
    110
    156
    250
    453
    828
   1641

8 threads
    124
    125
    109
    141
    126
    124
    110
    124
    141
    125
    141
    172
    203
    297
    500
    860
   1609

16 threads
    235
    218
    219
    281
    281
    266
    281
    234
    329
    266
    250
    266
    329
    406
    578
    953
   1719
no threads
Gaussian data set
     0 
     0 
     0 
     0 
     0 
     0 
     0 
    16 
     0 
    16 
    32 
    79 
   172 
   329 
   657 
  1297 
  3001 

1 threads
     31
     31
     32
     31
     15
     31
     31
     30
     46
     62
     78
    125
    203
    375
    720
   1469
   2687

2 threads
     31
     32
     47
     31
     32
     31
     30
     47
     46
     47
     78
     94
    157
    298
    515
    969
   1671

4 threads
     62
     62
     63
     63
     62
     63
     62
     62
     62
     78
     77
    109
    155
    266
    469
    860
   1547

8 threads
    124
    110
    109
    109
    109
    109
    109
    125
    126
    109
    141
    172
    204
    296
    485
    905
   1610

16 threads
    220
    218
    235
    234
    234
    219
    235
    233
    234
    235
    234
    266
    327
    453
    719
    969
   1702
no threads
Zero data set
     0 
     0 
     0 
     0 
    16 
     0 
     0 
     0 
    16 
    16 
    31 
    63 
   157 
   344 
   657 
  1296 
  2626 

1 threads
     31
     31
     31
     31
     16
     16
     31
     32
     46
     47
     79
    109
    218
    391
    688
   1391
   2672

2 threads
     31
     47
     47
     31
     32
     47
     31
     31
     47
     47
     63
    109
    140
    281
    515
    936
   1735

4 threads
     63
     63
     62
     62
     47
     63
     47
     78
     62
     62
     79
    109
    172
    266
    437
    859
   1579

8 threads
    125
    109
    109
    125
    110
    110
    109
    109
    109
    125
    125
    172
    187
    297
    500
    875
   1655

16 threads
    250
    250
    250
    266
    250
    250
    250
    250
    266
    266
    265
    296
    328
    391
    593
    968
   1781


Run Number: 2
no threads
Random data set
     0 
     0 
     0 
     0 
     0 
     0 
     0 
     0 
     0 
    15 
    32 
    78 
   172 
   344 
   656 
  1297 
  2594 

1 threads
     31
     31
     31
     31
     31
     16
     15
     47
     32
     46
     78
    140
    235
    391
    736
   1376
   2766

2 threads
     46
     47
     31
     31
     47
     32
     31
     31
     47
     62
     78
    109
    187
    297
    546
   1000
   1703

4 threads
     63
     47
     62
     63
     63
     47
     62
     62
     78
     63
     78
    109
    173
    250
    454
    828
   1609

8 threads
    110
    124
    110
    125
    109
    126
    108
    126
    124
    125
    140
    172
    235
    312
    485
    859
   1625

16 threads
    218
    235
    235
    218
    235
    234
    235
    234
    234
    234
    250
    265
    312
    391
    610
    985
   1735
no threads
Discrete data set
     0 
     0 
     0 
     0 
     0 
     0 
     0 
     0 
     0 
    30 
    31 
    77 
   172 
   328 
   656 
  1297 
  2594 

1 threads
     32
     31
     31
     16
     47
     15
     15
     31
     31
     47
     62
    109
    203
    375
    765
   1391
   2766

2 threads
     48
     31
     47
     31
     15
     31
     31
     31
     47
     62
     79
    125
    172
    296
    547
    954
   1812

4 threads
     63
     62
     62
     63
     63
     62
     62
     62
     62
     78
     78
    109
    156
    250
    610
    828
   1610

8 threads
    125
    125
    125
    141
    125
    124
    126
    125
    125
    140
    141
    172
    218
    313
    499
    876
   1655

16 threads
    250
    266
    250
    265
    250
    266
    265
    251
    250
    265
    265
    281
    329
    421
    594
   1000
   1719
no threads
Uniform data set
     0 
     0 
     0 
     0 
     0 
     0 
     0 
     0 
    16 
    16 
    30 
    94 
   156 
   344 
   656 
  1281 
  2563 

1 threads
     47
     15
     32
     31
     31
     31
     31
     32
     31
     47
     78
    125
    219
    391
    688
   1375
   2656

2 threads
     30
     47
     32
     47
     31
     47
     31
     47
     47
     48
     62
     93
    172
    282
    532
    922
   1749

4 threads
     63
     62
     47
     63
     62
     63
     62
     63
     62
     62
     94
    109
    156
    250
    468
    843
   1593

8 threads
    109
    125
    125
    125
    125
    109
    110
    125
    125
    125
    125
    155
    202
    312
    516
    874
   1641

16 threads
    234
    218
    219
    235
    234
    219
    219
    235
    218
    234
    234
    266
    328
    408
    595
    969
   1765
no threads
Bernoulli data set
     0 
     0 
     0 
     0 
     0 
     0 
    16 
     0 
     0 
    16 
    48 
    94 
   172 
   328 
   657 
  1313 
  2703 

1 threads
     31
     16
     31
     31
     32
     31
     31
     31
     30
     47
     78
    109
    187
    375
    703
   1375
   2688

2 threads
     46
     47
     31
     31
     47
     31
     47
     32
     47
     47
     62
     94
    173
    297
    561
    953
   1703

4 threads
     63
     62
     47
     63
     63
     62
     63
     62
     78
     62
     78
     94
    188
    281
    483
    829
   1594

8 threads
    110
    109
    125
    125
    125
    126
    124
    125
    110
    172
    218
    156
    203
    312
    500
    874
   1656

16 threads
    251
    266
    265
    249
    251
    250
    266
    218
    219
    234
    250
    266
    312
    391
    626
    984
   1750
no threads
Gaussian data set
     0 
     0 
     0 
     0 
     0 
     0 
     0 
    16 
    16 
    16 
    32 
    78 
   157 
   328 
   656 
  1297 
  2548 

1 threads
     31
     47
     31
     47
     47
     31
     47
     32
     47
     46
     77
    140
    219
    406
    703
   1390
   2609

2 threads
     46
     31
     32
     46
     32
     47
     31
     46
     31
     61
     77
    110
    172
    297
    531
    968
   1704

4 threads
     62
     47
     63
     63
     62
     62
     63
     47
     79
     78
     78
    109
    155
    265
    453
    828
   1562

8 threads
    125
    109
    109
    110
    109
    125
    125
    125
    125
    125
    141
    157
    203
    296
    501
    875
   1640

16 threads
    251
    265
    250
    265
    266
    265
    251
    250
    266
    265
    265
    281
    329
    421
    594
   1173
   1702
no threads
Zero data set
     0 
     0 
     0 
     0 
     0 
     0 
    15 
     0 
     0 
    32 
    31 
    78 
   156 
   328 
   656 
  1297 
  2594 

1 threads
     30
     32
     31
     31
     31
     31
     16
     47
     31
     47
     79
    108
    204
    359
    702
   1375
   2671

2 threads
     32
     47
     47
     31
     31
     47
     31
     48
     30
     47
     78
     94
    156
    266
    500
    969
   1766

4 threads
     63
     62
     47
     63
     78
     47
     78
     62
     63
     62
     94
    110
    141
    249
    453
    844
   1594

8 threads
    125
    125
    110
    125
    109
    125
    109
    125
    126
    125
    140
    172
    218
    297
    500
    906
   1656

16 threads
    250
    266
    266
    249
    282
    250
    266
    265
    265
    267
    281
    312
    328
    406
    578
    969
   1750


Run Number: 3
no threads
Random data set
     0 
     0 
     0 
     0 
     0 
     0 
     0 
     0 
    15 
    32 
    46 
    77 
   171 
   328 
   655 
  1313 
  2626 

1 threads
     31
     31
     31
     32
     31
     31
     16
     47
     31
     47
     77
    110
    204
    407
    734
   1359
   2671

2 threads
     31
     47
     31
     47
     31
     31
     32
     31
     46
     47
     62
     94
    171
    328
    515
    953
   1797

4 threads
     62
     63
     62
     47
     62
     63
     47
     62
     63
     77
     95
    109
    156
    266
    454
    828
   1641

8 threads
    124
    126
    140
    141
    141
    109
    109
    126
    124
    125
    124
    172
    203
    313
    500
    874
   1656

16 threads
    250
    265
    266
    250
    249
    267
    265
    249
    251
    264
    282
    296
    328
    406
    593
   1016
   1750
no threads
Discrete data set
     0 
     0 
     0 
     0 
     0 
     0 
     0 
    16 
    16 
    16 
    47 
    79 
   156 
   313 
   656 
  1296 
  2593 

1 threads
     46
     31
     31
     16
     31
     31
     31
     31
     31
     62
     78
    110
    219
    375
    703
   1375
   2687

2 threads
     45
     32
     47
     31
     47
     31
     47
     31
     47
     46
     79
     93
    158
    265
    531
    937
   1750

4 threads
     62
     62
     63
     62
     63
     62
     47
     63
     62
     78
     94
    110
    173
    250
    453
    860
   1609

8 threads
    125
    109
    126
    124
    109
    125
    110
    125
    125
    125
    125
    156
    220
    312
    499
    874
   1640

16 threads
    234
    265
    266
    266
    250
    266
    265
    235
    235
    250
    250
    265
    327
    406
    594
    968
   1750
no threads
Uniform data set
     0 
     0 
     0 
     0 
     0 
     0 
     0 
     0 
    16 
    32 
    46 
    78 
   172 
   344 
   656 
  1297 
  2624 

1 threads
     31
     32
     30
     32
     15
     32
     31
     31
     31
     47
     62
    125
    203
    376
    734
   1375
   2781

2 threads
     31
     47
     47
     31
     31
     31
     31
     31
     31
     47
     62
     94
    171
    297
    500
    985
   1703

4 threads
     62
     78
     63
     62
     63
     62
     47
     63
     62
     78
     94
    125
    157
    250
    453
    829
   1562

8 threads
    109
    125
    125
    110
    125
    108
    110
    109
    125
    125
    140
    156
    203
    312
    499
    875
   1625

16 threads
    219
    234
    266
    265
    251
    250
    281
    391
    250
    250
    250
    264
    312
    422
    593
    954
   1749
no threads
Bernoulli data set
     0 
     0 
     0 
     0 
     0 
     0 
     0 
    16 
    15 
    17 
    32 
    78 
   156 
   328 
   641 
  1281 
  2578 

1 threads
     46
     16
     31
     31
     16
     31
     32
     31
     31
     46
     62
    140
    203
    375
    688
   1375
   2688

2 threads
     30
     47
     31
     31
     47
     31
     49
     30
     46
     47
     79
     93
    171
    280
    501
    953
   1673

4 threads
     63
     62
     47
     63
     63
     62
     47
     46
     62
     61
     78
    109
    156
    249
    437
    827
   1577

8 threads
    109
    109
    126
    109
    110
    109
    125
    125
    125
    125
    140
    140
    203
    313
    500
    874
   1640

16 threads
    234
    218
    219
    235
    234
    234
    219
    219
    234
    234
    250
    296
    314
    390
    610
    969
   1985
no threads
Gaussian data set
     0 
     0 
     0 
     0 
     0 
     0 
    16 
     0 
    16 
    16 
    47 
    78 
   172 
   344 
   688 
  1360 
  2671 

1 threads
     47
     15
     32
     31
     31
     31
     31
     31
     32
     46
     78
    109
    218
    406
    704
   1391
   2656

2 threads
     47
     31
     47
     32
     31
     30
     31
     32
     47
     61
     77
    110
    156
    282
    548
    938
   1812

4 threads
     47
     62
     63
     63
     62
     47
     62
     78
     63
     78
     78
    109
    156
    249
    454
    843
   1546

8 threads
    125
    109
    109
    110
    125
    109
    109
    109
    126
    125
    157
    171
    187
    313
    485
    875
   1609

16 threads
    219
    219
    234
    219
    234
    218
    218
    234
    218
    235
    234
    265
    313
    407
    578
    969
   1688
no threads
Zero data set
     0 
     0 
     0 
     0 
     0 
     0 
     0 
    15 
     0 
    16 
    47 
    77 
   172 
   328 
   672 
  1328 
  2625 

1 threads
     31
     32
     31
     15
     32
     31
     31
     31
     32
     62
     63
    125
    204
    390
    734
   1391
   2703

2 threads
     31
     47
     31
     31
     32
     33
     46
     31
     47
     47
     62
     93
    158
    282
    516
    969
   2188

4 threads
     63
     62
     63
     47
     62
     63
     47
     62
     63
     78
     78
    109
    156
    250
    484
    859
   1656

8 threads
    125
    125
    125
    125
    125
    125
    125
    140
    126
    140
    141
    156
    203
    344
    516
    922
   1672

16 threads
    234
    267
    233
    251
    250
    250
    234
    219
    250
    234
    251
    249
    341
    423
    593
   1093
   1891


Run Number: 4
no threads
Random data set
     0 
     0 
     0 
     0 
     0 
     0 
     0 
    15 
     0 
    16 
    48 
    78 
   157 
   344 
   734 
  1406 
  2812 

1 threads
     32
     31
     31
     31
     31
     32
     31
     31
     47
     63
     78
    110
    202
    391
    796
   1500
   2874

2 threads
     47
     31
     46
     47
     32
     46
     47
     47
     47
     63
     62
    110
    156
    296
    594
   1063
   2125

4 threads
     63
     77
     63
     62
     63
     63
     62
     78
     78
     78
     79
    109
    172
    251
    515
    891
   1765

8 threads
    126
    124
    141
    141
    125
    125
    125
    140
    141
    141
    140
    156
    219
    312
    545
    938
   1719

16 threads
    265
    250
    266
    265
    250
    250
    313
    250
    281
    265
    250
    281
    313
    437
    656
   1031
   1875
no threads
Discrete data set
     0 
     0 
     0 
     0 
     0 
     0 
     0 
     0 
    17 
    16 
    47 
    94 
   172 
   358 
   719 
  1359 
  2797 

1 threads
     31
     47
     31
     31
     31
     31
     47
     46
     47
     79
     94
    125
    203
    407
    812
   1422
   2766

2 threads
     47
     31
     47
     31
     47
     31
     63
     46
     47
     47
     63
     93
    156
    266
    532
    968
   1719

4 threads
     78
     63
     62
     63
     62
     78
     63
     62
     62
     78
     94
    109
    156
    250
    453
    906
   1656

8 threads
    124
    125
    125
    125
    126
    124
    141
    141
    125
    125
    155
    172
    218
    313
    531
    938
   1734

16 threads
    250
    250
    250
    265
    251
    265
    250
    266
    250
    265
    266
    296
    344
    406
    625
   1016
   1829
no threads
Uniform data set
     0 
     0 
     0 
     0 
     0 
     0 
     0 
     0 
     0 
    16 
    46 
    78 
   172 
   344 
   703 
  1360 
  2704 

1 threads
     31
     31
     31
     32
     47
     31
     31
     31
     47
     47
     62
    109
    219
    391
    766
   1437
   2813

2 threads
     47
     47
     31
     47
     31
     47
     31
     47
     47
     47
     77
     93
    172
    266
    531
    985
   1875

4 threads
     62
     63
     63
     77
     47
     63
     62
     63
     63
     61
     78
    109
    156
    251
    485
    844
   1671

8 threads
    124
    110
    109
    110
    124
    125
    110
    110
    125
    125
    140
    156
    203
    313
    531
    890
   1687

16 threads
    219
    219
    234
    235
    250
    234
    235
    218
    344
    313
    250
    266
    297
    422
    625
    984
   1766
no threads
Bernoulli data set
     0 
     0 
     0 
     0 
     0 
     0 
     0 
    16 
    16 
    15 
    48 
    94 
   172 
   328 
   687 
  1359 
  2579 

1 threads
     31
     31
     31
     32
     31
     31
     31
     32
     46
     47
     93
    140
    219
    359
    734
   1515
   2827

2 threads
     46
     47
     32
     46
     32
     31
     47
     31
     31
     47
     63
     93
    171
    313
    547
   1062
   1843

4 threads
     63
     62
     62
     63
     47
     62
     47
     62
     63
     62
    110
    109
    157
    265
    469
    860
   1640

8 threads
    125
    109
    109
    126
    109
    125
    109
    125
    125
    125
    125
    156
    219
    298
    531
    906
   1703

16 threads
    234
    250
    250
    250
    250
    250
    235
    234
    234
    218
    250
    265
    297
    391
    609
   1016
   1844
no threads
Gaussian data set
     0 
     0 
     0 
     0 
     0 
     0 
     0 
    16 
     0 
    16 
    31 
    78 
   156 
   328 
   687 
  1359 
  2610 

1 threads
     31
     32
     31
     15
     32
     31
     32
     31
     31
     61
     93
    141
    235
    375
    782
   1390
   2718

2 threads
     30
     47
     31
     47
     32
     47
     46
     31
     47
     46
     62
    109
    156
    281
    547
    968
   1953

4 threads
     63
     62
     47
     63
     62
     47
     63
     63
     63
     62
     78
    108
    156
    266
    469
    859
   1625

8 threads
    141
    125
    125
    125
    141
    124
    125
    125
    126
    125
    155
    172
    218
    313
    516
    906
   1750

16 threads
    313
    250
    265
    266
    249
    266
    250
    267
    250
    265
    281
    281
    343
    437
    594
   1031
   1734
no threads
Zero data set
     0 
     0 
     0 
     0 
     0 
     0 
     0 
     0 
    15 
    16 
    47 
    78 
   157 
   328 
   703 
  1360 
  2703 

1 threads
     46
     31
     31
     32
     31
     16
     31
     31
     47
     47
     78
    125
    204
    406
    780
   1453
   2827

2 threads
     31
     47
     32
     47
     31
     47
     30
     48
     31
     63
     62
     94
    156
    267
    532
   1031
   1875

4 threads
     78
     47
     62
     62
     63
     78
     63
     93
     63
     78
     94
    109
    172
    281
    516
    875
   1656

8 threads
    125
    109
    109
    110
    109
    141
    109
    125
    125
    125
    125
    156
    203
    312
    515
    906
   1688

16 threads
    218
    219
    234
    235
    250
    265
    250
    266
    250
    265
    297
    297
    313
    406
    656
    984
   1814


Run Number: 5
no threads
Random data set
     0 
     0 
     0 
     0 
     0 
     0 
     0 
     0 
     0 
    16 
    47 
    94 
   172 
   343 
   703 
  1313 
  2704 

1 threads
     31
     31
     32
     31
     31
     31
     32
     31
     47
     46
     94
    125
    234
    407
    781
   1358
   2796

2 threads
     47
     32
     46
     31
     47
     31
     31
     32
     47
     62
     62
     94
    156
    281
    531
    999
   2032

4 threads
     63
     62
     63
     62
     62
     63
     63
     62
     63
     78
     94
     93
    172
    265
    468
    858
   1609

8 threads
    124
    126
    125
    140
    141
    141
    125
    140
    125
    125
    140
    156
    202
    312
    516
    907
   1671

16 threads
    219
    249
    267
    249
    250
    250
    265
    250
    219
    235
    250
    265
    313
    406
    610
   1047
   1797
no threads
Discrete data set
     0 
     0 
     0 
     0 
     0 
     0 
    16 
     0 
     0 
    16 
    47 
    93 
   157 
   328 
   704 
  1359 
  2750 

1 threads
     31
     32
     31
     15
     32
     31
     31
     31
     31
     47
     93
    109
    219
    375
    765
   1453
   2890

2 threads
     31
     31
     47
     31
     47
     31
     32
     30
     32
     46
     62
     93
    141
    296
    532
   1218
   1906

4 threads
     62
     63
     62
     63
     46
     63
     63
     62
     62
     63
     93
    110
    157
    266
    483
    874
   1672

8 threads
    110
    125
    110
    125
    109
    125
    109
    109
    125
    125
    125
    172
    203
    296
    532
    875
   1688

16 threads
    234
    219
    219
    218
    219
    234
    220
    219
    218
    234
    250
    266
    311
    421
    625
    953
   1812
no threads
Uniform data set
     0 
     0 
     0 
     0 
     0 
     0 
     0 
    16 
     0 
    16 
    31 
    78 
   157 
   328 
   734 
  1329 
  2735 

1 threads
     30
     47
     32
     46
     31
     32
     31
     47
     47
     47
     77
    126
    234
    406
    765
   1453
   2688

2 threads
     47
     31
     47
     31
     32
     46
     32
     46
     31
     47
     62
     94
    156
    296
    500
   1000
   1875

4 threads
     62
     62
     63
     63
     47
     62
     62
     63
     62
     61
     77
     94
    156
    250
    468
    875
   1673

8 threads
    124
    126
    124
    110
    109
    126
    108
    110
    125
    127
    140
    157
    219
    313
    531
    922
   1703

16 threads
    219
    219
    235
    219
    218
    235
    234
    265
    235
    250
    235
    376
    359
    406
    609
    999
   1796
no threads
Bernoulli data set
     0 
     0 
     0 
     0 
     0 
     0 
     0 
     0 
     0 
    15 
    31 
    78 
   172 
   328 
   687 
  1360 
  2719 

1 threads
     31
     31
     16
     31
     31
     32
     15
     31
     47
     63
     93
    125
    219
    390
    765
   1469
   2797

2 threads
     31
     47
     47
     31
     31
     47
     31
     47
     47
     46
     62
     78
    173
    281
    579
    969
   1954

4 threads
     63
     62
     46
     63
     63
     62
     63
     62
     63
     78
     94
    109
    142
    265
    468
    844
   1655

8 threads
    109
    125
    109
    126
    109
    125
    110
    109
    109
    125
    140
    156
    219
    313
    515
    907
   1702

16 threads
    265
    266
    250
    265
    266
    250
    250
    251
    266
    250
    266
    297
    343
    421
    625
   1032
   1813
no threads
Gaussian data set
     0 
     0 
     0 
     0 
     0 
     0 
     0 
     0 
    16 
    16 
    32 
    94 
   157 
   344 
   642 
  1406 
  2672 

1 threads
     16
     31
     31
     16
     31
     16
     31
     31
     46
     63
     94
    140
    234
    359
    765
   1438
   2719

2 threads
     31
     47
     31
     32
     32
     31
     32
     46
     46
     47
     62
     94
    156
    265
    547
   1031
   2031

4 threads
     62
     47
     62
     63
     62
     47
     63
     62
     62
     77
     77
    109
    156
    266
    469
    875
   1625

8 threads
    124
    109
    109
    126
    124
    110
    108
    124
    109
    124
    140
    173
    188
    296
    531
    906
   1781

16 threads
    218
    235
    218
    219
    234
    235
    235
    218
    235
    235
    250
    281
    297
    422
    671
   1030
   1765
no threads
Zero data set
     0 
     0 
     0 
     0 
    17 
     0 
     0 
     0 
    15 
    16 
    30 
    78 
   156 
   328 
   750 
  1375 
  2765 

1 threads
     31
     32
     31
     31
     31
     31
     16
     47
     31
     47
     78
    109
    187
    406
    797
   1422
   2829

2 threads
     47
     31
     47
     31
     32
     47
     31
     31
     63
     47
     62
     94
    156
    297
    563
    969
   1906

4 threads
     63
     62
     47
     63
     63
     47
     61
     63
     63
     63
     77
    110
    156
    266
    469
    874
   1625

8 threads
    124
    125
    125
    125
    140
    141
    142
    140
    124
    126
    156
    156
    187
    296
    499
    937
   1719

16 threads
    249
    250
    329
    265
    235
    250
    234
    219
    249
    250
    234
    266
    313
    406
    609
   1000
   1812


Run Number: 6
no threads
Random data set
     0 
     0 
     0 
     0 
     0 
    15 
     0 
     0 
    16 
    16 
    47 
    77 
   172 
   313 
   687 
  1391 
  2734 

1 threads
     31
     31
     16
     31
     31
     16
     15
     31
     32
     46
     63
    141
    219
    391
    766
   1468
   2812

2 threads
     32
     46
     31
     47
     31
     32
     47
     31
     47
     47
     61
     94
    155
    297
    530
   1031
   2124

4 threads
     63
     61
     63
     47
     62
     63
     63
     62
     63
     78
     77
     93
    156
    266
    500
    938
   1703

8 threads
    110
    140
    110
    140
    109
    110
    110
    124
    126
    140
    140
    172
    218
    329
    532
    906
   1751

16 threads
    234
    251
    218
    250
    219
    219
    250
    234
    219
    219
    265
    265
    313
    453
    625
    984
   1860
no threads
Discrete data set
     0 
     0 
     0 
     0 
     0 
     0 
     0 
     0 
     0 
    15 
    30 
    94 
   188 
   344 
   751 
  1374 
  2812 

1 threads
     31
     31
     31
     32
     31
     31
     31
     32
     47
     47
     62
    125
    235
    391
    766
   1484
   2656

2 threads
     30
     47
     31
     47
     47
     32
     46
     47
     47
     48
     61
     93
    156
    281
    485
   1016
   1952

4 threads
     62
     63
     63
     61
     63
     78
     63
     63
     77
     62
     94
    109
    156
    250
    469
    875
   1672

8 threads
    109
    125
    126
    124
    110
    125
    124
    125
    125
    140
    140
    172
    218
    312
    516
    921
   1687

16 threads
    249
    251
    265
    250
    250
    249
    250
    250
    250
    250
    249
    265
    312
    390
    609
   1000
   1828
no threads
Uniform data set
     0 
     0 
     0 
     0 
     0 
     0 
     0 
     0 
    16 
    31 
    47 
    78 
   171 
   328 
   704 
  1453 
  2766 

1 threads
     31
     31
     31
     32
     31
     15
     32
     46
     32
     62
     63
    125
    203
    375
    765
   1469
   2811

2 threads
     47
     47
     31
     32
     46
     31
     32
     31
     46
     47
     78
     94
    140
    297
    562
    984
   1890

4 threads
     62
     63
     62
     63
     47
     78
     47
     63
     62
     78
     94
    109
    156
    266
    485
    860
   1656

8 threads
    125
    110
    109
    125
    109
    110
    125
    125
    125
    125
    140
    156
    202
    312
    515
    890
   1828

16 threads
    266
    281
    265
    266
    266
    281
    266
    281
    250
    266
    281
    296
    498
    437
    641
   1078
   1812
no threads
Bernoulli data set
     0 
     0 
     0 
     0 
     0 
    17 
     0 
     0 
     0 
    16 
    48 
    78 
   173 
   344 
   657 
  1469 
  2765 

1 threads
     31
     31
     16
     31
     31
     32
     31
     31
     47
     47
     78
    126
    234
    406
    812
   1469
   2843

2 threads
     47
     31
     47
     31
     47
     31
     47
     31
     31
     46
     63
     79
    156
    266
    594
   1031
   1970

4 threads
     62
     63
     62
     63
     63
     62
     62
     63
     62
     62
     77
    109
    156
    249
    483
    875
   1657

8 threads
    125
    125
    109
    125
    126
    108
    126
    124
    125
    125
    140
    172
    203
    297
    516
    922
   1702

16 threads
    249
    266
    250
    265
    266
    250
    249
    251
    233
    234
    234
    266
    313
    405
    625
   1031
   2047
no threads
Gaussian data set
     0 
     0 
     0 
     0 
     0 
     0 
     0 
     0 
     0 
    16 
    46 
    78 
   173 
   342 
   735 
  1343 
  2688 

1 threads
     31
     15
     32
     31
     32
     30
     16
     32
     32
     47
     94
    125
    203
    422
    798
   1407
   2766

2 threads
     31
     47
     31
     31
     31
     31
     47
     47
     47
     47
     78
    109
    171
    266
    532
   1032
   1829

4 threads
     63
     63
     62
     63
     62
     61
     63
     62
     79
     78
     93
    110
    173
    250
    468
    859
   1546

8 threads
    110
    124
    110
    124
    125
    126
    125
    125
    109
    125
    140
    156
    203
    313
    485
    937
   1656

16 threads
    218
    219
    250
    219
    218
    219
    218
    234
    234
    234
    249
    266
    312
    406
    610
   1016
   1733
no threads
Zero data set
     0 
     0 
     0 
     0 
     0 
     0 
     0 
     0 
    16 
    16 
    31 
    79 
   171 
   328 
   703 
  1391 
  2765 

1 threads
     31
     15
     32
     31
     15
     32
     31
     31
     31
     48
     62
    109
    187
    376
    766
   1468
   2813

2 threads
     31
     46
     31
     32
     46
     32
     32
     46
     31
     47
     62
     94
    156
    282
    547
   1015
   1969

4 threads
     78
     62
     63
     62
     47
     63
     62
     48
     77
     63
     93
     94
    172
    266
    469
    875
   1672

8 threads
    125
    110
    124
    110
    110
    124
    110
    109
    125
    125
    125
    172
    203
    297
    547
    905
   1703

16 threads
    219
    234
    219
    234
    220
    233
    220
    218
    235
    234
    250
    281
    328
    422
    640
   1031
   1891


Run Number: 7
no threads
Random data set
     0 
     0 
     0 
     0 
    15 
     0 
     0 
     0 
    16 
    31 
    47 
    78 
   187 
   344 
   735 
  1390 
  2875 

1 threads
     30
     31
     31
     32
     15
     32
     31
     31
     31
     47
     77
    125
    218
    406
    781
   1485
   2765

2 threads
     32
     46
     47
     32
     46
     31
     47
     31
     32
     47
     62
     94
    186
    265
    516
   1079
   2125

4 threads
     62
     63
     63
     62
     62
     63
     62
     79
     78
     77
     94
    108
    141
    281
    484
    891
   1719

8 threads
    125
    125
    126
    124
    109
    125
    125
    125
    141
    125
    141
    156
    204
    328
    515
    968
   1750

16 threads
    267
    265
    266
    249
    266
    281
    267
    264
    250
    250
    249
    265
    328
    422
    688
   1094
   1859
no threads
Discrete data set
     0 
     0 
     0 
     0 
     0 
     0 
     0 
    16 
     0 
    32 
    46 
    79 
   172 
   344 
   720 
  1406 
  2719 

1 threads
     31
     31
     16
     31
     31
     31
     31
     32
     45
     47
     79
    125
    187
    376
    766
   1468
   2828

2 threads
     30
     47
     31
     47
     47
     31
     47
     47
     47
     46
     62
     94
    172
    296
    531
   1015
   1937

4 threads
     63
     62
     63
     62
     63
     62
     63
     62
     79
     62
     78
    109
    156
    265
    470
    891
   1656

8 threads
    124
    109
    125
    109
    125
    110
    110
    109
    126
    125
    141
    156
    203
    312
    515
    921
   1735

16 threads
    249
    266
    250
    266
    266
    249
    265
    250
    250
    265
    265
    282
    327
    406
    609
   1000
   1782
no threads
Uniform data set
     0 
     0 
     0 
     0 
     0 
     0 
     0 
     0 
    16 
    32 
    46 
    78 
   172 
   344 
   656 
  1406 
  2750 

1 threads
     46
     47
     16
     31
     31
     32
     31
     32
     46
     63
     79
    124
    219
    391
    765
   1452
   2828

2 threads
     47
     31
     47
     31
     32
     47
     31
     47
     46
     47
     63
     94
    172
    280
    578
   1046
   1907

4 threads
     63
     62
     62
     63
     47
     62
     63
     62
     63
     77
     78
    109
    156
    251
    468
    875
   1655

8 threads
    125
    109
    126
    108
    126
    109
    109
    125
    126
    140
    140
    157
    204
    297
    533
    907
   1703

16 threads
    249
    250
    297
    359
    266
    250
    265
    266
    234
    266
    250
    282
    328
    406
    641
   1030
   1812
no threads
Bernoulli data set
     0 
     0 
     0 
     0 
     0 
    16 
     0 
     0 
     0 
    32 
    47 
    78 
   171 
   344 
   702 
  1328 
  2734 

1 threads
     31
     31
     16
     31
     32
     31
     31
     32
     31
     46
     78
    109
    218
    422
    797
   1391
   2797

2 threads
     46
     31
     48
     30
     32
     46
     31
     47
     47
     63
     62
     95
    156
    297
    547
   1094
   1812

4 threads
     62
     62
     63
     63
     62
     62
     63
     62
     79
     78
     79
    110
    156
    250
    469
    875
   1656

8 threads
    156
    140
    156
    157
    109
    125
    125
    125
    140
    141
    140
    171
    204
    313
    500
    954
   1702

16 threads
    250
    265
    266
    266
    250
    266
    249
    250
    234
    265
    265
    265
    312
    406
    625
   1000
   1922
no threads
Gaussian data set
     0 
     0 
     0 
     0 
     0 
     0 
     0 
     0 
    16 
    15 
    32 
    77 
   172 
   312 
   703 
  1376 
  2751 

1 threads
     31
     47
     31
     47
     31
     47
     47
     31
     46
     46
     94
    141
    234
    391
    781
   1469
   2828

2 threads
     46
     31
     31
     32
     32
     47
     47
     47
     32
     62
     62
    109
    173
    312
    547
   1109
   1827

4 threads
     62
     63
     63
     62
     62
     63
     62
     47
     62
     77
     93
     93
    156
    250
    485
    859
   1626

8 threads
    109
    109
    110
    125
    109
    108
    125
    109
    109
    125
    140
    156
    202
    312
    515
    890
   1642

16 threads
    233
    219
    219
    219
    234
    219
    219
    219
    234
    235
    249
    265
    312
    421
    625
    969
   1751
no threads
Zero data set
     0 
     0 
     0 
     0 
     0 
     0 
    16 
     0 
    15 
    16 
    31 
    78 
   172 
   328 
   734 
  1359 
  2828 

1 threads
     30
     31
     16
     31
     32
     32
     30
     31
     32
     47
     78
    109
    220
    374
    781
   1484
   2672

2 threads
     47
     31
     31
     47
     32
     46
     32
     47
     31
     63
     61
     94
    141
    281
    499
   1062
   1938

4 threads
     62
     63
     62
     62
     63
     78
     63
     63
     62
     78
     78
    110
    155
    250
    469
    890
   1672

8 threads
    124
    110
    125
    125
    125
    125
    110
    124
    125
    125
    141
    187
    203
    313
    530
    922
   1719

16 threads
    250
    250
    266
    266
    250
    265
    250
    250
    266
    282
    281
    313
    375
    406
    609
   1016
   1828


Run Number: 8
no threads
Random data set
     0 
     0 
     0 
     0 
     0 
     0 
     0 
    16 
     0 
    16 
    32 
    77 
   172 
   328 
   702 
  1391 
  2984 

1 threads
     46
     31
     32
     31
     31
     31
     32
     46
     31
     47
     78
    110
    203
    375
    798
   1454
   2983

2 threads
     48
     46
     47
     47
     47
     31
     47
     47
     62
     62
     79
    109
    172
    359
    547
   1031
   2000

4 threads
     62
     63
     78
     63
     78
     63
     62
     62
     62
     79
     93
    125
    171
    313
    484
    860
   1672

8 threads
    110
    108
    110
    125
    109
    125
    110
    109
    125
    124
    141
    155
    203
    297
    515
    891
   1781

16 threads
    265
    249
    267
    249
    266
    266
    249
    250
    266
    250
    266
    282
    328
    421
    625
   1016
   1765
no threads
Discrete data set
     0 
     0 
     0 
     0 
     0 
    15 
     0 
     0 
     0 
    16 
    47 
    78 
   157 
   329 
   640 
  1422 
  2750 

1 threads
     31
     32
     31
     15
     47
     31
     32
     31
     31
     47
     78
    125
    234
    375
    767
   1469
   2813

2 threads
     47
     31
     47
     31
     47
     31
     31
     31
     32
     63
     63
     94
    172
    297
    578
   1016
   1891

4 threads
     63
     62
     63
     62
     63
     62
     63
     63
     62
     78
     95
    109
    156
    266
    531
    876
   1687

8 threads
    125
    110
    124
    126
    124
    110
    124
    110
    124
    125
    140
    156
    204
    313
    548
    922
   1703

16 threads
    235
    234
    266
    265
    266
    218
    235
    218
    235
    219
    265
    266
    312
    406
    610
    985
   1781
no threads
Uniform data set
     0 
     0 
     0 
     0 
     0 
     0 
     0 
    16 
    14 
    16 
    31 
    78 
   155 
   343 
   719 
  1344 
  2750 

1 threads
     31
     31
     31
     16
     31
     31
     31
     31
     47
     63
     63
    125
    218
    438
    796
   1391
   2845

2 threads
     47
     32
     47
     31
     31
     47
     31
     32
     30
     47
     78
    109
    171
    313
    547
   1046
   2031

4 threads
     77
     63
     47
     78
     63
     62
     63
     62
     78
     78
     94
    108
    171
    266
    484
    922
   1687

8 threads
    125
    125
    125
    125
    141
    125
    141
    140
    125
    126
    141
    172
    235
    329
    532
    969
   2094

16 threads
    282
    265
    250
    297
    250
    281
    266
    266
    280
    266
    266
    281
    312
    406
    641
   1187
   1922
no threads
Bernoulli data set
     0 
     0 
     0 
     0 
    16 
     0 
     0 
     0 
     0 
    15 
    47 
    94 
   172 
   313 
   687 
  1390 
  2750 

1 threads
     47
     32
     46
     32
     15
     32
     31
     31
     47
    109
     79
    125
    219
    375
    781
   1454
   2827

2 threads
     31
     47
     31
     31
     47
     31
     31
     31
     31
     47
     63
    110
    155
    296
    578
   1047
   1969

4 threads
     63
     62
     47
     79
     62
     63
     62
     63
     62
     62
     78
    110
    155
    250
    468
    859
   1657

8 threads
    124
    141
    109
    125
    125
    110
    110
    125
    125
    123
    124
    157
    187
    313
    546
    890
   1719

16 threads
    218
    235
    234
    219
    250
    266
    235
    233
    235
    234
    250
    267
    328
    422
    686
   1266
   1797
no threads
Gaussian data set
     0 
     0 
     0 
     0 
     0 
     0 
     0 
    16 
    15 
    16 
    32 
    77 
   172 
   345 
   718 
  1344 
  2766 

1 threads
     46
     31
     31
     16
     47
     31
     31
     31
     32
     63
     94
    109
    235
    406
    766
   1468
   2640

2 threads
     46
     32
     31
     47
     32
     31
     47
     31
     47
     46
     78
     94
    157
    297
    499
   1000
   1860

4 threads
     62
     47
     63
     62
     47
     62
     62
     63
     63
     78
     78
    109
    155
    266
    469
    860
   1610

8 threads
    126
    140
    124
    126
    125
    125
    125
    124
    125
    141
    141
    156
    218
    296
    531
    921
   1673

16 threads
    250
    250
    265
    266
    251
    265
    265
    266
    265
    265
    250
    280
    327
    389
    609
   1187
   1750
no threads
Zero data set
     0 
     0 
     0 
     0 
     0 
     0 
     0 
     0 
    16 
    15 
    31 
    78 
   156 
   328 
   703 
  1392 
  2813 

1 threads
     31
     31
     16
     31
     31
     16
     31
     31
     47
     47
     63
    125
    203
    406
    812
   1500
   2969

2 threads
     46
     31
     47
     31
     48
     31
     47
     31
     47
     46
     79
     93
    157
    312
    593
   1015
   2017

4 threads
     47
     63
     62
     63
     63
     78
     62
     63
     77
     79
     94
    109
    172
    296
    531
    952
   1828

8 threads
    109
    125
    109
    125
    125
    110
    125
    124
    126
    125
    140
    172
    203
    312
    547
    922
   1750

16 threads
    250
    250
    266
    265
    250
    266
    250
    250
    265
    266
    281
    297
    343
    406
    624
   1015
   1765


Run Number: 9
no threads
Random data set
     0 
     0 
     0 
     0 
    15 
     0 
     0 
     0 
    16 
    31 
    47 
    78 
   157 
   328 
   642 
  1437 
  2781 

1 threads
     31
     31
     16
     31
     31
     31
     32
     31
     47
     47
     62
    110
    203
    376
    782
   1469
   2906

2 threads
     31
     31
     47
     31
     32
     46
     31
     63
     47
     46
     78
     93
    156
    266
    548
   1000
   1970

4 threads
     63
     78
     63
     47
     62
     62
     63
     62
     78
     79
     94
    109
    156
    250
    485
    859
   1671

8 threads
    140
    125
    110
    124
    110
    125
    125
    125
    125
    126
    141
    156
    204
    313
    516
    922
   1703

16 threads
    250
    235
    265
    250
    266
    265
    266
    250
    251
    250
    250
    265
    313
    406
    640
   1016
   1844
no threads
Discrete data set
     0 
     0 
     0 
     0 
     0 
    15 
     0 
     0 
    16 
    16 
    46 
    78 
   172 
   343 
   719 
  1343 
  2735 

1 threads
     31
     31
     32
     15
     31
     31
     32
     31
     31
     47
     63
    109
    218
    437
    797
   1406
   2844

2 threads
     46
     32
     31
     31
     31
     31
     47
     47
     47
     47
     63
    109
    157
    297
    531
   1063
   1970

4 threads
     78
     62
     62
     63
     63
     62
    110
     96
     94
     95
     94
    109
    155
    250
    469
    860
   1609

8 threads
    125
    125
    125
    125
    140
    125
    125
    141
    140
    140
    140
    156
    219
    312
    500
    937
   1703

16 threads
    249
    267
    265
    250
    266
    265
    250
    251
    265
    249
    266
    281
    313
    406
    624
   1079
   1828
no threads
Uniform data set
     0 
     0 
     0 
     0 
     0 
     0 
     0 
     0 
    16 
    16 
    47 
    79 
   155 
   328 
   687 
  1391 
  2751 

1 threads
     31
     31
     31
     31
     32
     31
     31
     31
     47
     47
     79
    109
    203
    390
    765
   1454
   2812

2 threads
     32
     46
     32
     31
     47
     31
     47
     31
     31
     46
     79
     93
    172
    281
    547
   1047
   1875

4 threads
     63
     63
     62
     47
     62
     63
     63
     47
     62
     78
     95
     94
    172
    249
    469
    875
   1656

8 threads
    125
    125
    125
    110
    108
    125
    110
    125
    109
    125
    140
    187
    203
    312
    718
    874
   1734

16 threads
    219
    219
    250
    265
    250
    250
    266
    266
    219
    250
    250
    265
    312
    407
    625
    970
   1843
no threads
Bernoulli data set
     0 
     0 
     0 
     0 
     0 
     0 
     0 
    15 
    15 
    33 
    47 
    79 
   172 
   343 
   718 
  1343 
  2829 

1 threads
     47
     31
     15
     32
     31
     31
     32
     31
     31
     46
     63
    125
    219
    390
    765
   1468
   2671

2 threads
     31
     31
     47
     31
     31
     47
     31
     31
     31
     62
     78
     94
    156
    297
    516
   1031
   1970

4 threads
     61
     63
     62
     63
     62
     63
     62
     63
     78
     78
     79
    109
    156
    250
    501
    876
   1672

8 threads
    125
    125
    125
    125
    125
    125
    125
    125
    125
    124
    141
    171
    218
    297
    516
    937
   1718

16 threads
    251
    265
    266
    265
    250
    266
    266
    249
    250
    250
    250
    297
    313
    547
    626
   1047
   1845
no threads
Gaussian data set
     0 
     0 
     0 
     0 
    15 
     0 
     0 
    17 
     0 
    31 
    46 
    77 
   156 
   328 
   719 
  1422 
  2751 

1 threads
     46
     31
     32
     46
     32
     32
     30
     47
     63
     63
     92
    125
    219
    391
    797
   1470
   2735

2 threads
     47
     31
     47
     32
     46
     48
     46
     31
     46
     47
     62
     93
    171
    281
    516
   1032
   1796

4 threads
     62
     47
     48
     62
     62
     63
     62
     61
     62
     62
     78
    108
    156
    265
    469
    843
   1594

8 threads
     93
    125
    109
    110
    125
    110
    109
    125
    109
    125
    140
    156
    203
    312
    516
    890
   1672

16 threads
    250
    250
    250
    250
    281
    250
    250
    249
    265
    251
    249
    266
    312
    421
    656
   1016
   1720
no threads
Zero data set
     0 
     0 
     0 
     0 
     0 
     0 
     0 
     0 
    16 
    16 
    31 
    79 
   156 
   312 
   656 
  1422 
  2782 

1 threads
     31
     31
     31
     16
     31
     31
     32
     47
     32
     61
     64
    125
    203
    375
    781
   1500
   2905

2 threads
     47
     47
     30
     32
     31
     31
     47
     47
     47
     47
     78
     94
    156
    281
    562
   1031
   2000

4 threads
     62
     78
     63
     62
     62
     63
     63
     62
     62
     79
     78
    125
    172
    250
    515
    937
   1734

8 threads
    125
    125
    141
    124
    110
    125
    141
    125
    141
    124
    142
    202
    234
    313
    547
    985
   1922

16 threads
    235
    265
    250
    265
    297
    250
    266
    250
    281
    281
    313
    297
    344
    406
    656
   1046
   1860


Run Number: 10
no threads
Random data set
     0 
     0 
     0 
     0 
     0 
     0 
     0 
     0 
     0 
    16 
    30 
    78 
   172 
   360 
   718 
  1391 
  2718 

1 threads
     31
     31
     16
     31
     31
     32
     31
     31
     31
     47
     78
    108
    219
    423
    797
   1468
   2813

2 threads
     30
     31
     47
     32
     31
     31
     31
     30
     47
     47
     62
     93
    156
    282
    546
    953
   1953

4 threads
     62
     79
     62
     62
     63
     63
     62
     63
     62
     62
     78
    110
    156
    265
    468
    876
   1578

8 threads
    125
    124
    125
    141
    125
    141
    124
    126
    124
    141
    140
    157
    218
    313
    501
    953
   1734

16 threads
    249
    251
    265
    251
    250
    265
    250
    281
    250
    250
    281
    312
    327
    406
    609
    999
   1766
no threads
Discrete data set
     0 
     0 
     0 
     0 
     0 
     0 
     0 
     0 
     0 
    15 
    31 
    78 
   156 
   328 
   703 
  1376 
  2750 

1 threads
     31
     15
     15
     32
     31
     15
     16
     30
     47
     47
     94
    125
    219
    390
    766
   1469
   2829

2 threads
     47
     31
     47
     31
     31
     48
     31
     30
     31
     47
     63
     94
    157
    266
    563
   1108
   2032

4 threads
     62
     62
     63
     47
     63
     62
     62
     63
     62
     63
     93
    109
    172
    250
    469
    875
   1673

8 threads
    110
    109
    109
    125
    110
    125
    110
    125
    124
    125
    140
    156
    203
    296
    515
    875
   1703

16 threads
    219
    219
    218
    235
    234
    234
    235
    234
    235
    234
    249
    266
    313
    406
    610
    983
   1798
no threads
Uniform data set
     0 
     0 
     0 
     0 
     0 
     0 
     0 
     0 
     0 
    16 
    31 
    78 
   172 
   328 
   735 
  1360 
  2891 

1 threads
     31
     32
     15
     32
     31
     31
     31
     32
     31
     47
     78
    124
    203
    391
    782
   1469
   2688

2 threads
     47
     46
     32
     47
     31
     31
     47
     32
     30
     47
     62
     94
    156
    266
    515
   1048
   1937

4 threads
     63
     63
     62
     63
     62
     64
     61
     62
     78
     79
     93
    125
    156
    266
    469
    890
   1656

8 threads
    124
    157
    172
    156
    157
    140
    109
    125
    125
    108
    141
    157
    203
    313
    499
    969
   1702

16 threads
    235
    219
    219
    265
    250
    250
    250
    234
    219
    219
    234
    266
    313
    406
    625
   1000
   1782
no threads
Bernoulli data set
     0 
     0 
     0 
     0 
     0 
     0 
    16 
     0 
    16 
    16 
    31 
    78 
   172 
   329 
   703 
  1390 
  2749 

1 threads
     31
     31
     32
     31
     31
     31
     32
     30
     32
     47
     78
    109
    203
    391
    765
   1469
   2798

2 threads
     31
     47
     31
     32
     46
     32
     46
     32
     32
     46
     62
     93
    156
    281
    531
    954
   1906

4 threads
     63
     62
     47
     62
     63
     63
     46
     63
     62
     61
     78
     94
    172
    265
    469
    828
   1640

8 threads
    110
    125
    109
    110
    109
    125
    109
    125
    109
    125
    140
    156
    203
    312
    531
    875
   1750

16 threads
    233
    250
    251
    265
    297
    250
    250
    250
    235
    250
    250
    281
    437
    406
    609
   1000
   1734
no threads
Gaussian data set
     0 
     0 
     0 
     0 
     0 
     0 
     0 
     0 
    15 
    16 
    31 
    78 
   156 
   327 
   640 
  1422 
  2719 

1 threads
     32
     31
     31
     31
     32
     31
     31
     31
     47
     78
     94
    125
    219
    406
    766
   1453
   2844

2 threads
     47
     32
     31
     31
     31
     32
     47
     46
     46
     46
     63
     93
    157
    265
    531
   1047
   1813

4 threads
     62
     62
     47
     78
     64
     47
     62
     46
     78
     78
     78
    108
    156
    250
    484
    874
   1609

8 threads
    108
    125
    109
    125
    126
    124
    126
    124
    110
    125
    157
    171
    218
    297
    515
    906
   1672

16 threads
    234
    234
    250
    265
    250
    234
    235
    249
    251
    250
    281
    249
    313
    437
    749
   1048
   1859
no threads
Zero data set
     0 
     0 
     0 
     0 
     0 
     0 
    15 
     0 
     0 
    31 
    32 
    78 
   172 
   344 
   750 
  1377 
  2844 

1 threads
     30
     31
     32
     15
     31
     32
     31
     47
     31
     63
     78
    125
    219
    439
    845
   1500
   2812

2 threads
     47
     47
     31
     31
     47
     31
     32
     47
     31
     63
     62
    109
    157
    266
    532
   1001
   1953

4 threads
     63
     63
     62
     62
     63
     63
     62
     63
     62
     79
     77
    110
    172
    250
    485
    859
   1625

8 threads
    125
    125
    125
    141
    124
    126
    125
    140
    141
    125
    156
    157
    188
    296
    515
    985
   1688

16 threads
    235
    218
    235
    218
    250
    250
    250
    297
    250
    250
    281
    265
    313
    406
    610
   1000
   1813
BUILD SUCCESSFUL (total time: 60 minutes 3 seconds)
