run:
cores = 1
Linux


Run Number: 0
no threads
Random data set
     2 
    19 
     0 
     0 
     0 
     1 
     2 
    32 
    27 
   164 
   410 
  1085 
  1935 
  2641 
  2438 
  4706 
  7418 

1 threads
    53
    54
    39
    31
    50
    40
    43
    38
   143
    82
   302
   445
   600
  1359
  2355
  4794
  6809

2 threads
    15
    16
    16
    12
    10
     8
    10
    22
    37
    98
   130
   370
   691
  1619
  2461
  4642
  6305

4 threads
    23
    13
    13
    23
    14
    15
    20
    24
    35
   297
   228
   370
   738
  1375
  2635
  5017
  6637

8 threads
    39
    54
    48
   130
   106
    75
   219
   147
   171
   192
   326
   475
   812
  1470
  2521
  4982
  6634

16 threads
   154
   125
   104
   195
   182
   248
   333
   299
   275
   338
   423
   633
   976
  1600
  2225
  4933
  6549
no threads
Discrete data set
     0 
     0 
     1 
     0 
     1 
     1 
    19 
    10 
     9 
    17 
   113 
   537 
   561 
  1050 
  2350 
  3768 
  4557 

1 threads
     9
    11
    10
     9
    12
    11
    16
    19
    26
    96
    97
   517
   617
  1208
  2574
  2641
  5255

2 threads
    18
    17
    17
    18
    19
    19
    22
    30
   114
    74
   225
   340
   668
  1289
  2443
  3900
  3705

4 threads
    19
    18
    16
    37
    40
    51
   129
   124
   202
   295
   393
   523
   472
  1489
  2925
  3450
  5220

8 threads
    69
    77
   125
    86
    88
   180
   119
   408
   130
    77
    78
   113
   558
  1207
  2716
  3642
  5135

16 threads
   116
   140
   138
   218
   220
   221
   220
   269
   274
   327
   391
   543
   843
  1388
  2743
  4051
  5204
no threads
Uniform data set
     0 
     0 
     0 
     4 
     0 
     6 
     3 
     9 
    17 
    39 
    85 
   441 
   595 
  1168 
  2300 
  4581 
  5722 

1 threads
     9
     7
     6
     5
     6
     5
     7
    12
    13
    22
    43
   152
   363
  1306
  2405
  4863
  7017

2 threads
    15
    16
    15
    17
    16
    24
    19
    27
    35
   118
   172
   335
   689
  1238
  2599
  4814
  7254

4 threads
    28
    39
    20
    48
    32
    71
    63
    54
    65
   191
   240
   398
   763
  1382
  2441
  4834
  9103

8 threads
    90
    84
    96
    92
    95
   112
   109
   123
   146
   128
   177
   279
   662
  1256
  2281
  4652
  8718

16 threads
   164
   183
   180
   465
   194
   224
   185
   244
   234
   286
   337
   468
   889
  1497
  2356
  4768
  7742
no threads
Bernoulli data set
     0 
     1 
     0 
     0 
     1 
     6 
     6 
    10 
    19 
    33 
    89 
   162 
   346 
   686 
  1351 
  2709 
  5816 

1 threads
    15
    12
    12
    13
    12
    12
    13
    21
    26
    79
   104
   324
   496
  1019
  1562
  4661
  5099

2 threads
    15
     8
     8
     8
     9
    10
    10
    14
    17
    27
    47
   145
   400
   858
  1318
  3179
  4656

4 threads
    14
    16
    15
    15
    15
    17
    17
    19
    27
    49
    69
    93
   341
   791
  1461
  2719
  4835

8 threads
    27
    27
    27
    28
    28
    29
    34
    50
    42
    50
   122
   228
   434
   853
  1555
  2994
  4924

16 threads
    51
    54
    62
    81
    53
    55
    75
   161
   152
   190
   206
   336
   510
   801
  1347
  2928
  4930
no threads
Gaussian data set
     0 
     1 
     0 
     0 
     0 
     1 
     2 
     5 
    10 
    19 
    84 
   178 
   320 
   678 
  1226 
  1568 
  2645 

1 threads
     8
     4
    13
     8
     8
    10
    11
    11
    16
    26
    47
   208
   417
   735
  1436
  1768
  2598

2 threads
    13
    13
    15
    13
    12
    16
    14
    19
    23
    42
    53
   216
   395
   723
  1521
  1768
  2485

4 threads
    23
    24
    23
    24
    25
    25
    26
    46
    34
    43
   149
   214
   451
   743
  1363
  1918
  2561

8 threads
    46
    50
    43
    43
    70
    48
    47
    62
   120
   140
   169
   263
   423
   771
  1521
  1779
  2575

16 threads
    90
    88
   140
    91
   187
   180
   198
   174
   197
   230
   277
   369
   468
  1258
  1522
  2104
  2598
no threads
Zero data set
     0 
     0 
     0 
     0 
     1 
     1 
     2 
     4 
     8 
    17 
    37 
    74 
   179 
   601 
  1352 
  2768 
  5339 

1 threads
     4
     5
     5
     5
     6
     8
     7
    10
    14
    23
    45
   125
   219
   881
  1479
  2804
  5443

2 threads
     8
     8
     8
     8
     8
     9
    12
    13
    18
    28
    49
   119
   235
   702
  1419
  2814
  5455

4 threads
    15
    14
    15
    14
    16
    17
    28
    19
    35
    92
   122
   257
   491
   826
  1510
  2760
  5535

8 threads
    44
    27
    28
    28
    28
    49
    50
    35
    41
    50
   158
   311
   526
   831
  1580
  3063
  5564

16 threads
    53
    55
    62
   109
    63
    55
    75
   161
   183
   289
   252
   379
   587
   913
  1740
  3083
  5687


Run Number: 1
no threads
Random data set
     1 
     0 
     0 
     0 
     1 
     2 
     2 
     4 
     9 
    19 
    38 
    79 
   199 
   711 
  1241 
  2488 
  4820 

1 threads
     5
     5
     4
     5
     5
     6
     7
     9
    13
    22
    42
   110
   230
   707
  1452
  2186
  5058

2 threads
     8
     9
     8
     9
    10
     9
    11
    13
    24
    27
    49
   110
   431
   787
  1343
  2443
  4866

4 threads
    26
    27
    15
    15
    16
    16
    17
    20
    26
    59
    58
   118
   381
   695
  1301
  2657
  5099

8 threads
    30
    33
    26
    26
    30
    28
    42
    49
    43
    54
   178
   309
   535
   748
  1314
  2497
  4953

16 threads
    53
    53
    54
    82
   101
    55
   639
   133
   155
   169
   278
   358
   515
   847
  1629
  3208
  5292
no threads
Discrete data set
     0 
     0 
     0 
     1 
     1 
     1 
     2 
     5 
     9 
    17 
    38 
   147 
   351 
   700 
  1356 
  2593 
  3833 

1 threads
     4
     4
     5
     5
     5
     5
     6
     9
    14
    22
    42
    89
   305
   754
  1299
  2734
  3926

2 threads
     7
     7
     8
     8
     8
     8
     9
    12
    16
    25
    76
    84
   344
   713
  1409
  2626
  3905

4 threads
    15
    15
    15
    15
    17
    16
    17
    21
    36
    65
    57
   187
   333
   714
  1986
  2960
  3961

8 threads
    25
    26
    28
    36
    26
    27
    29
    51
    38
    61
   180
   298
   441
   814
  1664
  3111
  3824

16 threads
    51
    51
    52
    69
   116
    54
   104
   149
   122
   231
   251
   358
   518
   934
  1809
  3010
  4386
no threads
Uniform data set
     0 
     0 
     0 
     0 
     0 
     1 
     2 
     4 
     9 
    19 
    48 
   107 
   191 
   567 
  1444 
  3148 
  5307 

1 threads
     5
     6
     5
     6
     8
     6
     9
     9
    17
    26
    51
   106
   281
   985
  1595
  3410
  5445

2 threads
    10
     8
     9
    17
    10
    11
    11
    11
    17
    26
    46
    85
   413
   952
  1869
  3595
  5674

4 threads
    15
    14
    15
    15
    15
    15
    17
    21
    30
    41
    59
   130
   437
   954
  1779
  3349
  5395

8 threads
    26
    50
    31
    27
    28
    29
    57
    34
    42
    50
   159
   272
   514
   816
  1676
  3017
  5270

16 threads
    58
    54
    53
    55
    56
    85
    67
   139
   178
   171
   167
   306
   463
   846
  1422
  2728
  5362
no threads
Bernoulli data set
     0 
     0 
     0 
     0 
     1 
     2 
     2 
     5 
     9 
    17 
    40 
    83 
   196 
   751 
  1387 
  2619 
  4713 

1 threads
     4
    14
    10
    20
     5
     5
    12
    10
    15
    23
    43
   113
   320
   756
  1357
  2972
  4883

2 threads
     9
    10
     9
     9
    10
    10
    11
    12
    16
    27
    59
   119
   262
   748
  1345
  2531
  4685

4 threads
    16
    15
    16
    15
    16
    16
    17
    20
    25
    47
    58
   129
   416
   599
  1201
  2623
  4612

8 threads
    25
    27
    26
    27
    27
    28
    95
    39
    48
    78
   153
   265
   411
   717
  1542
  2898
  4972

16 threads
   115
    52
    72
    80
    55
    91
   101
    97
   164
   145
   257
   344
   498
   867
  1362
  2627
  4987
no threads
Gaussian data set
     0 
     0 
     0 
     1 
     0 
     1 
     3 
     4 
     9 
    19 
    41 
   134 
   381 
   609 
  1237 
  1707 
  2658 

1 threads
     4
     5
     5
     5
     5
     5
     7
     9
    13
    22
    42
   152
   385
   626
  1248
  1974
  2714

2 threads
     8
     8
     8
     9
     9
     9
    10
    13
    17
    29
    59
   202
   341
   712
  1432
  1742
  2730

4 threads
    14
    14
    14
    14
    14
    15
    16
    19
    23
    32
    60
   222
   421
   760
  1315
  1900
  2585

8 threads
    27
    27
    28
    39
    56
    31
    30
    33
    66
    81
   188
   157
   366
   713
  1250
  1868
  2579

16 threads
    51
    51
    51
    63
    70
    53
    58
   167
   107
   174
   221
   263
   434
   848
  1737
  1863
  4126
no threads
Zero data set
     0 
     0 
     1 
     0 
     1 
     5 
     2 
     9 
    20 
    35 
    79 
   175 
   349 
   748 
  1354 
  2782 
  5627 

1 threads
     9
    14
    11
    10
    11
    13
    12
    19
    39
    52
   103
   230
   433
   753
  1469
  2945
  5626

2 threads
     7
     8
     8
     9
     8
     8
    10
    31
    32
    58
    54
   128
   351
   775
  1469
  5641
  6247

4 threads
    18
    16
    16
    17
    16
    20
    22
    30
    42
    93
    91
   334
   613
  1095
  2486
  3499
  6127

8 threads
    32
    30
    29
    30
    29
    29
    32
    33
    38
    48
   100
   287
   582
  1000
  1676
  2892
  5609

16 threads
    55
    61
    64
    55
    85
    55
    57
   140
   119
   193
   251
   328
   459
   834
  1703
  3166
  5390


Run Number: 2
no threads
Random data set
     0 
     0 
     0 
     0 
     0 
     1 
     2 
     5 
     9 
    18 
    40 
    76 
   192 
   689 
  1446 
  2889 
  5265 

1 threads
     4
     4
     5
     5
     5
     6
     7
     9
    14
    23
    43
    83
   181
   885
  1829
  2963
  5323

2 threads
     8
     8
     8
     8
     9
     8
    10
    13
    17
    28
    46
   117
   282
   696
  1313
  3102
  5483

4 threads
    20
    20
    34
    21
    20
    24
    20
    28
    32
    39
    98
   194
   514
   882
  1891
  3620
  5429

8 threads
    27
    28
    28
    28
    28
    28
    31
    39
    40
    78
    95
   213
   398
   798
  1659
  2504
  4981

16 threads
    55
    54
    55
    80
    60
    56
    58
   134
   135
   200
   208
   329
   509
  1033
  2243
  3133
  5275
no threads
Discrete data set
     0 
     0 
     0 
     0 
     1 
     1 
     2 
     4 
     9 
    17 
    37 
   130 
   295 
   859 
  1333 
  2738 
  3953 

1 threads
     4
     5
     4
     5
     7
     6
     6
     9
    14
    23
    54
    87
   366
   579
  1128
  2571
  3803

2 threads
     7
     7
     7
     8
     7
     9
    10
    12
    16
    26
    56
    85
   364
   801
  1373
  2867
  3296

4 threads
    15
    16
    15
    40
    48
    47
    50
    51
    49
    46
   163
   307
   687
   821
  1437
  2794
  4076

8 threads
    31
    29
    29
    32
    27
    27
    47
    42
    40
    47
   125
   249
   471
   820
  1449
  2879
  3876

16 threads
    51
    52
    51
    63
    70
    53
    54
   164
   108
   196
   235
   286
   494
   775
  1393
  2797
  3888
no threads
Uniform data set
     0 
     0 
     0 
     0 
     1 
     1 
     3 
     4 
     8 
    17 
    36 
    74 
   185 
   573 
  1237 
  2362 
  4685 

1 threads
     8
     9
     6
    17
    16
    11
    22
    21
    37
    81
   104
   230
   307
   714
  1263
  2504
  4811

2 threads
     9
     8
     8
     8
     8
    10
    10
    13
    18
    28
    49
   125
   279
   812
  1485
  2992
  5046

4 threads
    15
    14
    15
    14
    14
    15
    17
    20
    25
    34
    86
   109
   336
   712
  1230
  2575
  4835

8 threads
    27
    27
    26
    27
    27
    30
    31
    64
    40
    60
    72
   218
   367
   658
  1204
  2441
  4873

16 threads
    59
    51
    51
    82
    57
    52
    55
   105
   168
   187
   198
   362
   538
   853
  1557
  2623
  4887
no threads
Bernoulli data set
     0 
     0 
     1 
     0 
     1 
     2 
     3 
     4 
     8 
    17 
    36 
    79 
   170 
   731 
  1280 
  2819 
  4776 

1 threads
     4
     5
    16
     4
     5
     6
     7
     9
    14
    23
    45
   115
   232
   741
  1291
  2769
  4737

2 threads
     7
     8
     8
     7
     7
     9
     9
    13
    17
    25
    46
   114
   242
   757
  1394
  2952
  4903

4 threads
    14
    14
    14
    14
    15
    15
    17
    19
    25
    33
    85
    93
   384
   765
  1339
  2630
  4675

8 threads
    28
    27
    28
    27
    28
    30
    46
    48
    51
    49
   142
   260
   494
   884
  1427
  2774
  4937

16 threads
    51
    52
    51
    73
    56
    59
    62
   148
   143
   147
   184
   305
   498
   925
  1479
  2868
  4959
no threads
Gaussian data set
     0 
     1 
     0 
     0 
     0 
     1 
     2 
     4 
    10 
    18 
    50 
   190 
   449 
   672 
  1394 
  1749 
  2391 

1 threads
     5
     5
     5
     5
     5
     5
     7
     9
    13
    22
    44
   164
   381
   542
  1487
  1839
  2580

2 threads
     7
     7
     8
     8
     8
     9
    10
    13
    17
    27
    49
   204
   351
   713
  1291
  1808
  2439

4 threads
    15
    14
    14
    15
    15
    16
    17
    20
    24
    37
    69
   196
   324
   707
  1233
  2048
  2515

8 threads
    26
    26
    31
    26
    26
    26
    28
    46
    35
    48
   174
   274
   483
   850
  1542
  1759
  2588

16 threads
    63
    54
    54
    56
    66
    55
   114
   129
   148
   194
   212
   355
   447
   865
  1736
  2032
  2571
no threads
Zero data set
     0 
     1 
     0 
     0 
     1 
     1 
     2 
     5 
     8 
    17 
    36 
    74 
   177 
   550 
  1330 
  2455 
  5143 

1 threads
     5
     4
    14
     8
    12
    11
     7
    27
    22
    65
   115
   179
   323
   701
  1346
  2604
  5204

2 threads
     9
     8
     8
    10
    22
    17
    31
    26
    37
    68
   131
   179
   372
   715
  1311
  2609
  5218

4 threads
    38
    44
    35
    34
    32
    38
    38
    48
    34
    53
   153
   228
   480
   708
  1881
  2714
  5107

8 threads
    33
    37
    45
    63
    68
    75
    69
    47
    87
   119
   161
   280
   523
   812
  1409
  2610
  5317

16 threads
    75
    57
    55
   124
    55
    55
    80
   160
   125
   188
   188
   331
   545
   896
  1541
  2776
  5535


Run Number: 3
no threads
Random data set
     0 
     0 
     0 
     0 
     1 
     1 
     3 
     4 
     9 
    18 
    42 
   126 
   162 
   673 
  1258 
  2751 
  5127 

1 threads
     4
     5
     5
     5
     5
     6
     7
     9
    14
    24
    84
   114
   191
   757
  1366
  2633
  4994

2 threads
     8
     8
    20
     8
     9
     9
    11
    13
    17
    27
    93
    92
   326
   705
  1306
  2506
  4911

4 threads
    14
    15
    15
    14
    15
    15
    17
    20
    24
    60
    96
   103
   341
   827
  1595
  2830
  5204

8 threads
    26
    27
    26
    26
    26
    27
    74
    39
    37
    47
    68
   236
   438
   838
  1598
  2945
  5220

16 threads
    50
    51
    50
    63
    70
    53
    54
   122
   136
   202
   228
   348
   531
   951
  1316
  2606
  4717
no threads
Discrete data set
     0 
     0 
     0 
     1 
     1 
     1 
     6 
     8 
     9 
    18 
    36 
   104 
   254 
   694 
  1198 
  2024 
  3992 

1 threads
     4
     5
     5
     4
     5
     6
     6
     9
    13
    22
    42
   118
   516
   592
  1131
  2517
  4237

2 threads
    10
     8
     8
     8
     9
     9
    11
    12
    17
    27
    91
    92
   387
   751
  1557
  2851
  3977

4 threads
    28
    25
    14
    15
    15
    16
    18
    19
    24
   168
   130
   233
   415
   741
  1410
  2798
  3983

8 threads
    28
    27
    28
    28
    28
    28
    30
    78
    39
    46
   173
   307
   439
   758
  1372
  2915
  3885

16 threads
    54
    79
    54
   110
    55
    56
    84
   160
   172
   208
   287
   386
   579
   925
  1582
  3478
  3989
no threads
Uniform data set
     0 
     0 
     0 
     0 
     0 
     2 
     2 
     4 
     9 
    33 
    45 
    90 
   171 
   661 
  1300 
  2717 
  5194 

1 threads
     5
     4
     5
     5
     5
     6
     7
     9
    14
    24
    45
   119
   182
   753
  1387
  2607
  4971

2 threads
    19
     8
     8
     8
     8
     9
    10
    12
    17
    25
    46
   113
   238
   760
  1432
  2669
  5016

4 threads
    14
    15
    14
    27
    15
    16
    28
    33
    25
    65
    56
    96
   345
   635
  1209
  2497
  4975

8 threads
    27
    26
    26
    27
    40
    39
    51
    39
    37
    46
    69
   260
   469
   846
  1446
  3070
  5136

16 threads
    54
    54
    55
    80
    73
    55
    58
   146
   144
   207
   187
   327
   504
   857
  1598
  2903
  5166
no threads
Bernoulli data set
     0 
     0 
     0 
     1 
     0 
     1 
     3 
     4 
    10 
    18 
    40 
    88 
   181 
   740 
  1323 
  2447 
  4777 

1 threads
     9
     4
     5
     5
     6
     5
     8
     9
    14
    23
    44
   114
   252
   779
  1266
  2795
  4708

2 threads
     8
     7
     8
     7
     8
     8
     9
    23
    17
    26
    57
   105
   294
   786
  1406
  2968
  4970

4 threads
   137
    14
    15
    20
    22
    62
    17
    19
    24
    33
   105
   241
   426
   817
  1344
  2930
  4905

8 threads
    26
    26
    38
    39
    28
    37
    58
    33
    40
    46
   113
   244
   417
   750
  1437
  2583
  4677

16 threads
    51
    63
    54
    84
    56
    55
    58
   119
   177
   199
   188
   346
   468
   810
  1643
  2848
  4599
no threads
Gaussian data set
     0 
     0 
     0 
     1 
     0 
     2 
     2 
     4 
     8 
    43 
    74 
   117 
   338 
   546 
  1313 
  1780 
  2799 

1 threads
     4
     5
     5
     6
     5
     6
     7
     9
    25
    43
    83
   290
   359
   751
  1512
  1751
  2752

2 threads
     7
     8
     7
     8
     8
     9
    10
    12
    17
    26
    73
   145
   383
   706
  1498
  1971
  3127

4 threads
    19
    19
    23
    19
    22
    22
    25
    28
    34
    44
   186
   266
   599
   870
  1927
  1465
  2714

8 threads
    28
    28
    31
    32
    28
    29
    55
    34
    40
   100
   149
   285
   449
   862
  1431
  1977
  2859

16 threads
    53
    51
    52
    56
    55
    67
   126
   138
   140
   140
   252
   306
   461
   798
  1576
  2157
  3116
no threads
Zero data set
     0 
     0 
     0 
     0 
     1 
     1 
     3 
     4 
     8 
    19 
    38 
   109 
   173 
   662 
  1308 
  2529 
  5040 

1 threads
    12
     9
    10
     8
    18
     9
    16
    11
    15
    25
   131
   175
   366
   654
  1092
  2416
  5618

2 threads
    46
    11
    11
     8
    11
    11
    11
    15
    21
    34
    60
   106
   384
   874
  1634
  3114
  5564

4 threads
    19
    15
    15
    15
    16
    16
    17
    20
    26
    63
    57
   119
   407
   761
  1519
  3030
  5684

8 threads
    38
    39
    42
    39
    41
    37
    52
    85
    62
   144
   243
   437
   640
  1124
  1507
  3119
  6425

16 threads
   256
   168
   183
   288
   347
   284
   140
   105
   122
   264
   217
   303
   529
  1113
  1814
  3157
  5425


Run Number: 4
no threads
Random data set
     0 
     0 
     0 
     0 
     0 
     1 
     2 
     4 
     9 
    18 
    39 
    79 
   195 
   703 
  1268 
  2533 
  4978 

1 threads
     6
     4
     5
     5
     5
     6
     7
     8
    19
    30
    48
   107
   278
   792
  1497
  2978
  5221

2 threads
     8
     7
     8
     8
    11
     9
    10
    12
    17
    27
    48
   114
   381
   840
  1497
  2598
  5012

4 threads
    16
    17
    17
    15
    16
    17
    18
    20
    29
    69
    64
   181
   471
   870
  1591
  2966
  5585

8 threads
    29
    28
    37
    31
    29
    34
    39
    34
    42
    73
   130
   218
   454
   706
  1415
  2751
  4855

16 threads
    54
    80
    57
    57
    78
    59
    66
   143
   174
   210
   202
   300
   521
   906
  1613
  2968
  5338
no threads
Discrete data set
     0 
     0 
     0 
     0 
     0 
     1 
     2 
     4 
     8 
    17 
    35 
   107 
   263 
   728 
  1458 
  3002 
  3990 

1 threads
     6
     4
     5
     8
     5
     9
    10
    26
    21
    23
    53
   126
   535
   863
  1481
  2934
  5965

2 threads
    10
    16
    17
    22
    18
    24
    21
    29
    50
    65
   120
   205
   384
   799
  1526
  3099
  4738

4 threads
    16
    15
    15
    16
    21
    35
    36
    25
    29
    40
   159
   242
   458
   825
  1519
  3173
  4037

8 threads
  1142
    96
    85
    86
    67
    44
    87
    74
   115
   143
   175
   266
   530
   748
  1616
  2457
  4790

16 threads
    71
    68
    78
    61
    56
   126
   178
   171
   194
   149
   236
   319
   589
  1408
  1698
  3056
  4334
no threads
Uniform data set
     0 
     0 
     0 
     1 
     0 
     1 
     2 
     5 
     9 
    18 
    39 
    90 
   205 
   708 
  1308 
  2969 
  5457 

1 threads
     4
     5
     5
     5
     5
     6
     7
    11
    14
    23
    44
    91
   204
   717
  1680
  2631
  4964

2 threads
     7
     8
     7
     8
     8
     9
    10
    13
    18
    27
    48
   119
   320
   758
  1401
  2692
  5224

4 threads
    19
    19
    20
    23
    22
    67
    28
    26
    57
    66
   183
   383
   638
  1134
  1886
  3278
  5985

8 threads
    44
    38
    42
    38
    38
    43
    38
    42
    47
   155
   254
   378
   567
  1164
  1699
  3765
  5792

16 threads
    81
    81
    84
   122
   101
   195
   215
   178
   217
   243
   315
   487
   625
  1207
  2210
  3944
  6074
no threads
Bernoulli data set
     0 
     0 
     0 
     0 
     1 
     1 
     2 
     6 
     9 
    22 
    55 
   102 
   340 
  1010 
  1655 
  2865 
  4995 

1 threads
     4
     5
     5
     5
     5
     6
     7
    10
    27
    24
    48
    88
   306
   636
  1167
  2719
  4623

2 threads
     7
     8
     8
     9
    23
    10
    11
    13
    17
    28
    50
   118
   259
   753
  1383
  2765
  4886

4 threads
    15
    14
    14
    14
    14
    15
    17
    21
    25
    34
    56
    97
   439
   837
  1445
  2757
  4959

8 threads
    48
    26
    27
    27
    26
    27
    29
    31
    36
    67
   149
   265
   420
   679
  1481
  2594
  4819

16 threads
    54
    54
    66
    56
    54
    86
    71
   145
   115
   178
   265
   340
   507
   937
  1594
  3009
  4942
no threads
Gaussian data set
     0 
     0 
     0 
     0 
     1 
     1 
     2 
     4 
     8 
    17 
    38 
   114 
   401 
   673 
  1222 
  1982 
  2586 

1 threads
     4
     5
     5
     5
     5
     5
     7
     9
    13
    22
    69
   161
   519
   833
  1451
  1761
  2762

2 threads
     8
     8
     8
     8
     8
     9
    10
    13
    17
    28
    51
   266
   361
   869
  1616
  2024
  2617

4 threads
    13
    14
    14
    14
    14
    14
    16
    30
    35
    35
    90
   208
   414
   739
  1399
  1776
  2648

8 threads
    27
    26
    26
    37
    40
    29
    57
    33
    36
    48
   116
   176
   401
   674
  1305
  2131
  2771

16 threads
    51
    53
    52
    54
    53
    75
    63
   134
   146
   169
   164
   235
   424
   806
  1497
  2003
  2705
no threads
Zero data set
     0 
     0 
     0 
     0 
     9 
     1 
     2 
     9 
    18 
    19 
    40 
    78 
   191 
   508 
  1157 
  2069 
  4863 

1 threads
    10
    11
    10
    10
    18
    14
    19
    10
    16
    47
   109
   157
   344
   686
  1217
  2439
  4878

2 threads
    26
    16
    22
    16
    23
    20
    18
    22
    45
    46
    71
   176
   363
   615
  1278
  2575
  5342

4 threads
    14
    14
    14
    14
    15
    15
    16
    18
    24
    33
    61
   119
   228
   688
  1572
  2549
  5134

8 threads
    54
    45
    78
    74
    66
    67
    56
    72
   121
    69
   159
   254
   385
   840
  1468
  2695
  5127

16 threads
    89
    53
    51
    81
    54
    54
    55
   131
   131
   204
   214
   302
   552
   905
  1514
  2944
  5502


Run Number: 5
no threads
Random data set
     0 
     0 
     0 
     1 
     0 
     1 
     2 
     5 
     9 
    18 
    39 
    78 
   241 
   690 
  1296 
  2619 
  5113 

1 threads
     5
     5
     5
     5
     5
     5
     7
     9
    14
    24
    47
   124
   187
   735
  1295
  2435
  4851

2 threads
    12
     7
     9
    10
    11
    10
    11
    13
    17
    27
    60
   108
   304
   792
  1276
  2620
  4926

4 threads
    14
    14
    14
    14
    14
    15
    16
    18
    23
    33
   107
    94
   400
   924
  1308
  2710
  5013

8 threads
    27
    28
    28
    28
    41
    42
    62
    35
    39
    49
   101
   293
   416
   718
  1459
  2811
  4996

16 threads
    67
    57
    70
    82
    54
    52
    55
   134
   138
   162
   157
   305
   499
   741
  1368
  2753
  5165
no threads
Discrete data set
     0 
     0 
     1 
     0 
     0 
     1 
     2 
     5 
     9 
    17 
    36 
   103 
   226 
   665 
  1288 
  2669 
  4075 

1 threads
     6
     4
     5
     5
     5
    12
     6
     9
    16
    23
    44
    91
   406
   664
  1265
  2676
  3801

2 threads
     8
     7
     8
     7
     7
     8
    10
    11
    16
    25
    55
    84
   382
   677
  1416
  2451
  3965

4 threads
    14
    15
    14
    14
    15
    26
    17
    19
    24
    64
    58
   148
   338
   519
  1198
  2258
  4093

8 threads
    27
    30
    28
    28
    28
    28
    58
    42
    39
    49
   180
   255
   442
   760
  1391
  2725
  3857

16 threads
    51
    51
    51
    73
   101
    56
   111
   114
   167
   165
   223
   338
   456
   788
  1605
  3055
  3896
no threads
Uniform data set
     0 
     1 
     0 
     0 
     1 
     1 
     2 
     5 
     9 
    18 
    36 
    76 
   180 
   638 
  1405 
  2360 
  4802 

1 threads
     5
     5
     5
     5
     5
     6
     8
     9
    14
    24
    45
   120
   245
   736
  1320
  2638
  4997

2 threads
     8
    15
    16
    18
     8
     9
    11
    13
    17
    40
    74
    91
   348
   610
  1229
  2541
  4983

4 threads
    15
    14
    14
    14
    16
    16
    17
    42
    31
    67
    68
    98
   433
   794
  1520
  2831
  5132

8 threads
    37
    27
    28
    28
    28
    29
    44
    49
    39
    48
   114
   273
   456
   807
  1534
  2970
  4900

16 threads
    51
    51
    51
    72
    66
    63
    55
   126
   162
   180
   231
   380
   503
   925
  1625
  2930
  5249
no threads
Bernoulli data set
     0 
     0 
     1 
     0 
     1 
     1 
     2 
     4 
     9 
    18 
    38 
    77 
   173 
   643 
  1267 
  2247 
  4888 

1 threads
    11
    10
    11
     8
    11
     6
     7
    10
    14
    22
    43
   110
   266
   629
  1194
  2438
  4676

2 threads
     7
     8
     8
     8
    21
    22
    10
    15
    18
    27
    77
    92
   396
   800
  1373
  2892
  4951

4 threads
    14
    14
    14
    14
    14
    15
    16
    21
    24
    33
   121
   136
   435
   884
  1362
  3013
  4964

8 threads
    26
    42
    45
    30
    28
    39
    50
    36
    39
    50
   159
   185
   403
   767
  1446
  2730
  4788

16 threads
    56
    55
    55
    84
    68
    56
    62
   138
   149
   206
   266
   389
   524
   926
  1718
  3064
  5044
no threads
Gaussian data set
     0 
     0 
     1 
     1 
     0 
     1 
     2 
    14 
    11 
    19 
    57 
   165 
   358 
   684 
  1316 
  1797 
  2723 

1 threads
     5
     5
     5
     5
     5
     6
     7
    18
    14
    24
    46
   217
   324
   827
  1552
  1832
  2758

2 threads
     7
     8
     7
     8
     9
     9
    10
    12
    17
    27
    57
   236
   399
   952
  1401
  1804
  2576

4 threads
    13
    13
    14
    14
    14
    15
    16
    18
    23
    49
    53
   231
   441
   699
  1503
  1885
  2712

8 threads
    28
    40
    28
    28
    28
    79
    35
    31
    36
    93
   123
   219
   440
   789
  1560
  1910
  2681

16 threads
    51
    51
    53
    68
    68
    53
    94
   123
   162
   186
   245
   346
   515
   937
  1664
  1846
  2912
no threads
Zero data set
     0 
     0 
     0 
     0 
     1 
     1 
     3 
     7 
    12 
    29 
    45 
   166 
   223 
   733 
  1403 
  2692 
  5425 

1 threads
     5
     4
     5
     5
     5
     6
     7
    10
    14
    24
    45
   111
   217
   661
  1319
  2665
  4884

2 threads
    23
    17
    26
    18
    18
    23
    25
    46
    40
    63
   120
   190
   320
   640
  1182
  2444
  4747

4 threads
    33
    39
    36
    32
    23
    17
    33
    52
    57
    71
   139
   168
   431
   723
  1432
  2645
  4836

8 threads
    29
    38
    41
    29
    50
    78
    68
    62
    84
   128
   154
   272
   400
   780
  1318
  2617
  5325

16 threads
    54
    53
    65
    80
    53
    52
    57
   100
   142
   206
   253
   324
   499
   866
  1673
  3174
  5508


Run Number: 6
no threads
Random data set
     0 
     0 
     0 
     1 
     0 
     1 
     2 
     4 
     8 
    17 
    37 
    85 
   206 
   695 
  1427 
  2740 
  5180 

1 threads
     5
     4
     4
     5
     6
     6
     7
     8
    13
    22
    43
   108
   156
   851
  1472
  2670
  5063

2 threads
     7
     7
     8
     8
     8
     9
    10
    12
    16
    49
    48
   104
   226
   785
  1348
  2796
  5051

4 threads
    15
    30
    26
    20
    17
    16
    17
    19
    24
    64
    59
   117
   437
   833
  1434
  2959
  5173

8 threads
    27
    26
    27
    30
    28
    27
    29
    60
    38
    47
    71
   256
   452
   883
  1525
  3103
  5295

16 threads
    52
    52
    51
    74
    63
    53
    68
   136
   104
   174
   227
   359
   487
   871
  1377
  3008
  5306
no threads
Discrete data set
     0 
     0 
     1 
     0 
     0 
     1 
     2 
    12 
     9 
    17 
    37 
   101 
   304 
   659 
  1351 
  2810 
  3900 

1 threads
     4
     5
     4
     4
     4
     6
     7
     9
    14
    22
    42
    99
   337
   742
  1246
  2770
  4101

2 threads
     8
     8
     9
     8
     8
     9
    10
    13
    17
    28
    93
    88
   402
   650
  1266
  2400
  3959

4 threads
    14
    17
    15
    16
    15
    16
    38
    21
    35
    43
    57
   184
   398
   775
  1069
  2180
  4003

8 threads
    27
    40
    28
    28
    43
    62
    38
    34
    38
    54
   179
   213
   435
   897
  1374
  2815
  4034

16 threads
    52
    51
    51
    64
    69
    52
    54
   126
   144
   188
   285
   345
   543
   911
  1376
  2829
  3814
no threads
Uniform data set
     0 
     0 
     0 
     0 
     1 
     1 
     2 
     4 
    10 
    18 
    37 
    90 
   197 
   703 
  1318 
  2583 
  5206 

1 threads
     5
     4
     4
     5
     5
     6
     7
     9
    14
    22
    53
   109
   156
   706
  1361
  2726
  5082

2 threads
     7
     8
     8
     8
     8
     8
     9
    12
    16
    25
    46
   116
   257
   744
  1376
  2749
  4934

4 threads
    14
    13
    14
    14
    14
    15
    17
    19
    23
    33
   101
    95
   392
   717
  1387
  2791
  5151

8 threads
    26
    26
    27
    26
    27
    27
    28
    60
    38
    50
    70
   242
   477
   835
  1440
  2779
  5123

16 threads
    53
    65
    54
    83
    57
    55
    58
   143
    97
   180
   221
   274
   502
   766
  1393
  2680
  5168
no threads
Bernoulli data set
     0 
     0 
     1 
     0 
     1 
     1 
     2 
     5 
     9 
    18 
    38 
    81 
   172 
   743 
  1318 
  2771 
  4953 

1 threads
     5
     5
     5
     5
     7
     6
     9
     9
    15
    66
    47
    91
   426
   755
  1438
  2791
  4936

2 threads
     8
     8
    25
    13
    13
    10
    12
    15
    19
    29
    80
    97
   397
   728
  1383
  2939
  4775

4 threads
    15
    15
    15
    15
    16
    16
    17
    20
    25
    46
   109
   161
   396
   865
  1465
  2887
  4991

8 threads
    28
    27
    55
    29
    29
    29
    66
    41
    41
    66
   220
   345
   389
   836
  1453
  3008
  4739

16 threads
    51
    51
    51
    62
    71
    52
    54
   132
   142
   190
   247
   333
   539
   893
  1514
  3032
  5402
no threads
Gaussian data set
     0 
     0 
     0 
     0 
     1 
     2 
     2 
    15 
     9 
    17 
    53 
   181 
   278 
   740 
  1255 
  2072 
  3650 

1 threads
     5
     4
     4
     5
     5
     6
     7
    10
    14
    35
    48
   234
   422
   650
  1134
  1921
  2591

2 threads
     7
     7
     7
     8
     8
     8
    10
    15
    18
    59
    48
   163
   332
   609
  1274
  2039
  2569

4 threads
    13
    14
    14
    14
    15
    15
    16
    19
    24
    45
    56
   274
   428
   833
  1596
  1899
  2623

8 threads
    27
    26
    27
    27
    27
    27
    29
    72
    38
    48
   135
   243
   424
   689
  1633
  1859
  3504

16 threads
    52
    54
    53
    85
    53
    88
   161
   154
   164
   213
   288
   368
   597
  1083
  2048
  1620
  3327
no threads
Zero data set
     0 
     0 
     0 
     1 
     0 
     1 
     3 
     7 
    13 
    24 
    50 
   128 
   297 
   969 
  1625 
  3684 
  5880 

1 threads
     6
     7
     5
     5
     7
     7
    10
    11
    17
    32
    62
   187
   427
  1101
  2464
  3614
  5961

2 threads
    11
    11
     8
    11
     9
    12
    14
    17
    23
    35
    64
   132
   304
   837
  1548
  2594
  5702

4 threads
    17
    16
    15
    14
    20
    22
    19
    22
    25
    36
    58
   133
   466
  1104
  1839
  3620
  6062

8 threads
    49
    29
    29
    28
    30
    40
    46
    50
    57
   150
   301
   290
   656
  1130
  1934
  3940
  6471

16 threads
    78
    79
    75
   111
    81
   130
    94
   126
   145
   202
   387
   328
   650
  1083
  1852
  3375
  6208


Run Number: 7
no threads
Random data set
     0 
     1 
     0 
     0 
     1 
     2 
     2 
     5 
    12 
    20 
    46 
   109 
   312 
   791 
  1427 
  3175 
  5169 

1 threads
     4
     5
     8
     6
     5
     9
     7
    13
    17
    31
    57
   117
   467
   932
  1604
  3401
  5610

2 threads
     8
     8
    16
    17
    18
     9
    11
    14
    19
    28
    54
   124
   400
   961
  1932
  3566
  5762

4 threads
    17
    17
    17
    20
    18
    21
    25
    25
    34
    82
    76
   297
   550
  1001
  1960
  3887
  6231

8 threads
    29
    30
    29
    49
    59
    43
    42
    63
   130
   190
   241
   349
   569
   970
  1791
  2866
  5952

16 threads
    90
    65
    54
    85
    57
    56
   106
   164
   178
   191
   212
   442
   523
   986
  1626
  3126
  5887
no threads
Discrete data set
     0 
     0 
     0 
     0 
     1 
     2 
     2 
     5 
    13 
    24 
    52 
   101 
   404 
   655 
  1862 
  3582 
  4298 

1 threads
     4
     4
     5
     5
    13
    14
    12
    11
    15
    25
    78
   104
   413
   866
  1473
  2855
  3891

2 threads
     8
     9
     8
     9
     9
    10
    13
    13
    20
    29
    50
    91
   599
   888
  1668
  3332
  4084

4 threads
    14
    15
    14
    14
    15
    15
    17
    19
    24
    37
    58
   199
   386
   836
  1524
  3223
  4412

8 threads
    29
    33
    37
    36
    40
    40
    44
    83
   113
   169
   250
   364
   502
  1096
  2008
  3909
  4638

16 threads
    57
    59
    60
    61
    92
    60
   145
   166
   170
   191
   274
   516
   634
  1082
  2217
  3238
  3833
no threads
Uniform data set
     0 
     0 
     0 
     0 
     1 
     1 
     2 
     8 
    10 
    17 
    36 
    74 
   206 
   661 
  1410 
  2813 
  5538 

1 threads
     5
     4
     5
     4
     5
     5
     7
     9
    14
    23
    43
   162
   419
   821
  1545
  3102
  5195

2 threads
     7
     8
     7
     8
     8
     9
    10
    14
    17
    25
    46
   115
   256
   804
  1443
  2975
  5251

4 threads
    14
    15
    16
    15
    19
    22
    26
    29
    35
    83
    76
   289
   439
   771
  1535
  2954
  5118

8 threads
    27
    28
    27
    28
    28
    29
    30
    64
    47
    49
    72
   275
   423
   756
  1301
  2657
  5004

16 threads
    58
    51
    75
    82
    57
    55
    59
   147
   140
   176
   211
   359
   592
   900
  1510
  3127
  5281
no threads
Bernoulli data set
     0 
     0 
     0 
     1 
     1 
     1 
     2 
     5 
     9 
    19 
    40 
   100 
   227 
   669 
  1205 
  2547 
  4565 

1 threads
     5
     4
     5
     6
     5
     6
     7
    11
    14
    25
    84
   105
   324
   822
  1545
  3003
  5308

2 threads
     8
     8
     8
     8
     9
     9
    10
    13
    18
    28
    48
   144
   434
   820
  1660
  3192
  5043

4 threads
    16
    27
    16
    16
    17
    17
    19
    21
    27
    70
    60
   122
   508
   814
  1383
  2893
  5023

8 threads
    28
    30
    29
    28
    28
    29
    47
    53
    39
    49
   153
   250
   425
   702
  1438
  2741
  4825

16 threads
    52
    51
    51
    64
    69
    53
    54
   124
    89
   181
   212
   349
   496
   905
  1520
  2862
  5007
no threads
Gaussian data set
     0 
     1 
     0 
     0 
     1 
     1 
     3 
     4 
     9 
    19 
    52 
   160 
   332 
   664 
  1416 
  1797 
  2519 

1 threads
     4
     5
     4
     4
     5
     6
     7
     9
    13
    23
    47
   176
   246
   587
  1192
  1953
  2740

2 threads
     8
     8
     8
     8
     8
     9
    10
    13
    36
    52
    49
   229
   362
   738
  1382
  1778
  2568

4 threads
    14
    14
    15
    15
    15
    16
    16
    20
    24
    67
    96
   194
   430
   726
  1427
  1754
  2702

8 threads
    35
    26
    26
    27
    27
    31
    58
    54
    36
    65
   190
   237
   431
   785
  1523
  1872
  2813

16 threads
    56
    54
    54
   113
    66
    89
   148
   148
   164
   208
   227
   359
   492
   897
  1755
  1844
  2646
no threads
Zero data set
     0 
     1 
     0 
     0 
     1 
     1 
     2 
     6 
     9 
    17 
    36 
    73 
   179 
   630 
  1348 
  2723 
  5297 

1 threads
     5
     4
     5
    17
     5
     6
     8
     9
    14
    23
    45
   115
   164
   747
  1376
  2716
  5404

2 threads
     8
     7
     8
     8
     8
    19
    10
    13
    18
    27
    49
   147
   255
   738
  1296
  2808
  5280

4 threads
    36
    37
    37
    42
    30
    16
    44
    49
    71
    94
   129
   196
   406
   774
  1337
  2514
  5147

8 threads
    59
    59
    34
    30
    78
    76
    76
    88
    99
    67
   155
   227
   551
   884
  1287
  2535
  5318

16 threads
    77
    56
    54
    85
    55
    68
    97
   119
   104
   153
   194
   323
   457
   930
  1382
  2790
  5397


Run Number: 8
no threads
Random data set
     0 
     1 
     0 
     0 
     1 
     1 
     7 
     4 
     9 
    19 
    40 
    81 
   187 
   760 
  1401 
  3129 
  5224 

1 threads
     5
     5
     4
     5
     5
     5
     6
     9
    14
    22
    42
   116
   329
   821
  1566
  2884
  5376

2 threads
     8
     7
     8
     7
     8
    14
    10
    12
    17
    26
    47
   620
  1041
  1554
  2151
  3010
  5576

4 threads
    14
    15
    15
    15
    15
    16
    17
    19
    25
    35
    87
    99
   478
   740
  1471
  2987
  5333

8 threads
    27
    28
    26
    30
    27
    28
    29
    60
    45
    51
   128
   285
   491
   949
  1322
  2765
  5296

16 threads
    55
    92
    68
    76
    56
    57
   132
   139
   154
   174
   249
   392
   546
   881
  1648
  3025
  5139
no threads
Discrete data set
     0 
     0 
     0 
     1 
     0 
     5 
     2 
     4 
     9 
    17 
    57 
   104 
   276 
   686 
  1284 
  2479 
  3852 

1 threads
     4
     5
     4
     5
     5
     6
     7
     9
    14
    22
    54
    92
   386
   764
  1431
  2376
  4005

2 threads
    17
    14
    17
     8
     9
     9
    10
    13
    16
    27
    78
   114
   358
   766
  1448
  2876
  4031

4 threads
    15
    15
    15
    16
    16
    32
    30
    22
    26
    35
    90
   214
   441
   825
  1457
  2959
  3873

8 threads
    27
    26
    26
    28
    27
    37
    47
    35
    37
    49
   121
   291
   425
   876
  1484
  2745
  4204

16 threads
    75
    53
    51
    80
    54
    54
    57
   124
   129
   172
   181
   478
   539
   838
  1599
  2907
  4399
no threads
Uniform data set
     0 
     0 
     0 
     0 
     1 
     1 
     2 
     4 
     9 
    19 
    40 
   194 
   486 
  1260 
  1875 
  3878 
  5646 

1 threads
     5
     6
     5
     8
     7
     8
     9
    11
    18
    40
    76
   146
   442
  1544
  1705
  3632
  6870

2 threads
     8
     8
     8
     8
     9
     9
    10
    13
    17
    28
    50
   151
   457
   873
  1814
  3493
  5467

4 threads
    15
    21
    18
    16
    15
    16
    17
    19
    25
    38
    57
   129
   497
   968
  2281
  3019
  5535

8 threads
    29
    28
    29
    28
    29
    29
    33
    34
    60
    73
    95
   284
   469
  1040
  1934
  3145
  5603

16 threads
    77
    77
   100
    93
    98
   205
   160
   215
   213
   213
   301
   466
   777
  1599
  2689
  4636
  5858
no threads
Bernoulli data set
     0 
     0 
     0 
     0 
     0 
     1 
     3 
     5 
    10 
    22 
    72 
    91 
   353 
   690 
  1439 
  2867 
  5343 

1 threads
     8
     6
     5
     7
    12
     6
    12
    11
    15
    27
    51
   121
   467
  1064
  2052
  3864
  5553

2 threads
    13
    10
    12
    13
    12
    13
    17
    18
    24
    34
    65
   156
   590
  1098
  1773
  3116
  4808

4 threads
    13
    16
    14
    14
    14
    16
    16
    18
    24
    35
    54
   124
   353
   774
  1510
  2854
  5029

8 threads
    29
    28
    28
    29
    45
    43
    31
    32
    38
    77
   112
   297
   393
   757
  1202
  2734
  4803

16 threads
    66
    64
    54
    54
    57
    66
    90
   153
   168
   198
   254
   383
   630
   938
  1727
  3335
  5142
no threads
Gaussian data set
     0 
     0 
     1 
     0 
     1 
     2 
     2 
     5 
    10 
    19 
    42 
   149 
   423 
   732 
  1495 
  1518 
  2597 

1 threads
     4
     4
     4
     5
     5
     6
     6
     9
    15
    23
    46
   257
   400
   808
  1494
  1754
  2797

2 threads
     8
     8
     8
     8
     9
     9
    10
    12
    18
    29
    82
   208
   495
   928
  1484
  2084
  2914

4 threads
    14
    13
    14
    15
    15
    15
    17
    19
    25
    77
    96
   199
   441
   853
  1566
  1777
  2708

8 threads
    28
    29
    32
    28
    29
    29
    31
    33
    38
   101
   150
   263
   492
   900
  1623
  1958
  2689

16 threads
    52
    56
    67
    56
    56
    53
    90
   146
   120
   185
   262
   276
   459
   992
  1595
  2116
  2538
no threads
Zero data set
     0 
     1 
     0 
     0 
     1 
     1 
     2 
     5 
     9 
    17 
    37 
    74 
   150 
   624 
  1337 
  2738 
  5503 

1 threads
     4
     5
     5
     5
     5
     6
     7
     9
    14
    24
    45
    84
   200
   884
  1507
  3094
  5548

2 threads
     8
     7
     9
     7
     9
     9
    10
    12
    19
    27
    49
    96
   225
   737
  1381
  2707
  5426

4 threads
    15
    16
    14
    16
    16
    16
    20
    21
    25
    34
    73
    98
   410
   870
  1760
  3144
  6117

8 threads
    28
    27
    28
    31
    29
    29
    31
    46
    42
    72
    84
   265
   433
   783
  1486
  2918
  5792

16 threads
    53
    53
    54
    55
    53
    57
   101
   132
   176
   248
   300
   391
   646
  1006
  1467
  3060
  5276


Run Number: 9
no threads
Random data set
     1 
     0 
     0 
     0 
     1 
     1 
     2 
     4 
     9 
    19 
    38 
    79 
   187 
   670 
  1326 
  2870 
  5169 

1 threads
     5
     5
     5
     5
     5
     6
    13
     9
    14
    23
    45
   102
   284
   857
  1492
  2984
  5106

2 threads
     7
     8
     7
     7
     8
     8
     9
    12
    16
    26
    47
   117
   223
   728
  1378
  2740
  5063

4 threads
    15
    14
    15
    15
    15
    15
    17
    19
    24
    35
    88
    96
   440
   753
  1315
  2656
  5188

8 threads
    31
    36
    28
    28
    28
    29
    54
    51
    38
    46
    97
   287
   449
   862
  1541
  2884
  5075

16 threads
    53
    52
    52
    69
    66
    54
    57
   115
   155
   203
   186
   266
   512
   860
  1363
  2682
  5097
no threads
Discrete data set
     0 
     0 
     0 
     1 
     1 
     2 
     2 
     4 
     8 
    18 
    37 
   103 
   257 
   555 
  1119 
  2433 
  3900 

1 threads
     5
     4
     5
     5
     5
     6
     7
     9
    14
    24
    45
    84
   399
   682
  1533
  2637
  3837

2 threads
     8
     8
     8
     8
     8
     9
    11
    13
    17
    27
    71
   103
   407
   729
  1293
  2755
  3887

4 threads
    14
    15
    15
    15
    15
    16
    17
    19
    24
    53
    62
   149
   395
   623
  1295
  2255
  4016

8 threads
    26
    26
    27
    28
    27
    28
    29
    61
    38
    48
   102
   286
   515
   847
  1394
  2744
  3812

16 threads
    55
    54
    55
    96
    75
    63
   125
   138
   159
   177
   240
   326
   513
   957
  1525
  3001
  3942
no threads
Uniform data set
     0 
     0 
     1 
     0 
     1 
     1 
     2 
     4 
     8 
    17 
    37 
    75 
   184 
   646 
  1443 
  2650 
  5061 

1 threads
     4
     4
     5
     5
     5
     5
     6
     9
    14
    23
    43
   108
   166
   723
  1175
  2383
  4903

2 threads
     8
     8
     8
     8
     8
     9
    10
    13
    18
    27
    49
   132
   243
   791
  1357
  2557
  4982

4 threads
    26
    15
    14
    15
    16
    16
    17
    20
    24
    48
    73
   109
   375
   741
  1464
  2727
  5106

8 threads
    27
    26
    27
    26
    27
    28
    51
    52
    38
    46
    87
   278
   414
   789
  1488
  2905
  4997

16 threads
    52
    54
    52
    68
    66
    53
    57
   116
   160
   158
   208
   350
   557
   845
  1533
  2919
  5242
no threads
Bernoulli data set
     0 
     0 
     0 
     1 
     0 
     1 
     2 
     5 
     9 
    19 
    37 
    77 
   216 
   652 
  1229 
  2884 
  5068 

1 threads
     5
     5
     5
     6
     6
     6
     8
     9
    14
    27
    48
   150
   334
   854
  1954
  2752
  4817

2 threads
     8
     8
     7
     8
     9
     9
    10
    13
    18
    30
    46
   109
   269
   770
  1355
  2592
  4774

4 threads
    14
    15
    15
    15
    15
    16
    17
    20
    25
    35
    76
   105
   347
   696
  1409
  2470
  4735

8 threads
    28
    27
    27
    27
    28
    28
    32
    63
    39
    57
   103
   265
   410
   777
  1340
  2564
  4658

16 threads
    52
    52
    52
    68
    70
    59
    59
   145
   113
   195
   254
   371
   500
   903
  1592
  3076
  5012
no threads
Gaussian data set
     0 
     0 
     0 
     0 
     1 
     1 
     2 
     4 
    21 
    18 
    40 
   186 
   345 
   693 
  1390 
  1687 
  2455 

1 threads
     5
     4
     4
     4
     5
     6
     7
     9
    14
    23
    47
   173
   378
   726
  1429
  1774
  2482

2 threads
     8
     8
     8
     8
    11
     9
    10
    12
    17
    25
    48
   202
   296
   675
  1246
  1949
  2592

4 threads
    14
    14
    15
    14
    14
    15
    16
    19
    23
    40
    53
   240
   401
   810
  1422
  1707
  2525

8 threads
    26
    27
    26
    26
    28
    29
    33
    45
    37
    49
   148
   192
   434
   764
  1278
  1995
  2511

16 threads
    59
    55
    52
    83
    63
    64
    57
   132
   137
   173
   275
   251
   562
   848
  1545
  1804
  2596
no threads
Zero data set
     0 
     1 
     0 
     0 
     1 
     1 
     2 
     5 
    10 
    18 
    39 
    78 
   210 
   547 
  1204 
  2401 
  5164 

1 threads
     5
     4
     5
     6
     5
     5
     8
    23
    24
    66
   120
   204
   372
   723
  1444
  2658
  5131

2 threads
     9
     8
    18
    16
    17
    19
    21
    36
    31
    42
   139
   171
   376
   673
  1375
  2728
  5253

4 threads
    16
    16
    15
    16
    15
    16
    19
    21
    26
    35
   113
    97
   385
   831
  1503
  2917
  5578

8 threads
    35
    28
    28
    28
    29
    30
    49
    46
    38
    49
    90
   300
   494
   856
  1613
  2938
  5554

16 threads
    59
    55
    54
    86
    68
    69
    56
   169
   147
   198
   183
   318
   521
   852
  1542
  3063
  5479
BUILD SUCCESSFUL (total time: 94 minutes 30 seconds)
