cores = 4os.nameWindows 10


Run Number: 1
No threads
Random data set
     2
     1
     1
     3
     1
     1
     3
     4
     9
    17
    37
    81
   162
   314
   633
  1265
  2502

1 threads
    20
    19
    14
    13
    17
    14
    14
    18
    26
    46
    79
   122
   203
   354
   665
  1298
  2509

2 threads
    22
    24
    18
    18
    17
    17
    18
    18
    23
    31
    40
    63
   123
   206
   390
   750
  1472

4 threads
    37
    63
    37
    32
    31
    37
    32
    31
    37
    32
    51
    63
   101
   185
   353
   669
  1303

8 threads
    54
    62
    53
    63
    53
    47
    69
    53
    63
    69
    69
    84
   122
   200
   369
   686
  1311

16 threads
   103
   122
   118
   119
   104
   121
   111
   101
   116
   122
   118
   132
   166
   231
   386
   702
  1323
No threads
Discrete data set
     0
     0
     0
     0
     0
    15
     0
     0
    15
    21
    32
    69
   154
   300
   600
  1203
  2387

1 threads
    15
    16
    16
    15
     0
     0
    22
    15
    31
    38
    69
   122
   179
   354
   701
  1250
  2466

2 threads
    32
    15
    16
    16
    21
    15
    15
    22
    15
    31
    31
    82
   116
   200
   387
   754
  1470

4 threads
    39
    31
    33
    19
    31
    32
    37
    31
    32
    47
    69
   100
   100
   185
   353
   700
  1338

8 threads
    58
    61
    57
    64
    59
    59
    58
    61
    62
    63
    74
    86
   120
   193
   367
   664
  1296

16 threads
   109
   110
   108
   113
   109
   109
   110
   112
   110
   114
   117
   134
   162
   237
   377
   745
  1318
No threads
Uniform data set
     0
     0
     0
     0
     1
     1
     2
     5
     9
    17
    38
    75
   150
   303
   606
  1229
  2431

1 threads
    15
    12
    15
    12
    12
    13
    13
    16
    26
    43
    76
   110
   195
   341
   640
  1269
  2488

2 threads
    22
    16
    17
    19
    19
    22
    19
    24
    26
    38
    38
    71
   111
   200
   377
   731
  1549

4 threads
    28
    29
    28
    28
    29
    30
    33
    34
    31
    33
    42
    64
   107
   186
   349
   659
  1284

8 threads
    60
    55
    55
    57
    55
    55
    56
    59
    58
    61
    81
    84
   118
   196
   350
   662
  1294

16 threads
   108
   113
   121
   112
   106
   111
   107
   113
   109
   114
   118
   133
   165
   239
   388
   692
  1304
No threads
Bernoulli data set
     0
     0
     0
     0
     1
     1
     2
     5
     9
    17
    36
    77
   154
   315
   590
  1201
  2372

1 threads
    16
    16
     0
    21
    16
     0
     0
    16
    36
    47
    66
   116
   179
   370
   669
  1286
  2451

2 threads
    22
    15
    16
    16
    31
    19
     2
    15
    16
    38
    31
    68
   116
   216
   384
   736
  1466

4 threads
    20
    31
    31
    22
    28
    25
    30
    32
    31
    37
    47
    69
   116
   184
   329
   648
  1272

8 threads
    69
    47
    53
    62
    54
    62
    54
    68
    62
    69
    85
    84
   110
   200
   353
   664
  1288

16 threads
   100
   122
   112
   103
   116
   116
   100
   115
   100
   115
   116
   138
   162
   238
   378
   686
  1502
No threads
Gaussian data set
     0
     0
     0
     0
     0
     0
     0
    16
    16
    15
    31
    84
   146
   300
   586
  1186
  2470

1 threads
    17
    14
     3
    16
    15
    16
    16
    16
    48
    31
    78
   131
   200
   364
   663
  1301
  2420

2 threads
    16
    15
    16
    16
    21
    16
    15
    36
    31
    49
    53
    69
   121
   216
   382
   735
  1522

4 threads
    48
    47
    42
    38
    59
    39
    42
    44
    49
    35
    45
    65
   109
   193
   354
   651
  1341

8 threads
    56
    55
    55
    56
    55
    55
    59
    59
    66
    67
    71
    94
   113
   195
   349
   759
  1465

16 threads
   111
   111
   110
   109
   108
   125
   111
   117
   111
   117
   147
   133
   164
   242
   384
   691
  1302
No threads
Zero data set
     0
     0
     1
     0
     0
     1
     2
     5
    10
    23
    43
    90
   153
   303
   606
  1278
  2567

1 threads
    15
    11
    11
    12
    12
    13
    13
    17
    20
    30
    52
   102
   178
   333
   698
  1301
  2581

2 threads
    21
    19
    20
    19
    18
    19
    20
    20
    22
    27
    41
    60
   104
   199
   379
   770
  1536

4 threads
    31
    30
    29
    33
    30
    29
    31
    31
    36
    37
    46
    69
   104
   194
   377
   804
  1365

8 threads
    57
    57
    55
    58
    55
    57
    56
    59
    57
    61
    69
    95
   125
   211
   423
   681
  1341

16 threads
   110
   111
   111
   121
   122
   111
   113
   111
   111
   118
   132
   145
   162
   250
   423
   711
  1398


Run Number: 2
No threads
Random data set
     0
     0
     1
     0
     1
     1
     2
     4
     8
    17
    36
    79
   158
   312
   652
  1263
  2493

1 threads
    18
    11
    12
    11
    13
    12
    14
    16
    21
    47
    58
    98
   180
   369
   771
  1437
  2550

2 threads
    21
    18
    19
    18
    19
    18
    19
    20
    21
    32
    37
    69
   139
   223
   397
   849
  1576

4 threads
    30
    29
    29
    30
    31
    29
    31
    31
    31
    34
    40
    64
   104
   225
   362
   766
  1279

8 threads
    55
    57
    56
    57
    55
    55
    56
    61
    58
    61
    71
    86
   121
   199
   353
   663
  1291

16 threads
   110
   110
   109
   111
   127
   203
   111
   118
   113
   119
   122
   137
   164
   244
   389
   689
  1314
No threads
Discrete data set
     1
     0
     0
     1
     1
     1
     2
     5
     9
    17
    38
    77
   154
   310
   647
  1232
  2471

1 threads
    12
    15
    12
    14
    11
    12
    18
    19
    27
    47
    75
   109
   206
   356
   663
  1258
  2483

2 threads
    20
    18
    17
    22
    20
    19
    21
    26
    30
    36
    39
    67
   123
   207
   372
   722
  1450

4 threads
    32
    29
    29
    28
    28
    28
    30
    29
    30
    35
    42
    59
   104
   185
   343
   652
  1273

8 threads
    55
    55
    55
    57
    56
    57
    56
    58
    58
    61
    75
    86
   114
   195
   352
   660
  1377

16 threads
   111
   113
   111
   112
   114
   113
   108
   114
   109
   116
   117
   134
   168
   235
   377
   687
  1314
No threads
Uniform data set
     0
     0
     0
     0
     0
     1
     2
     4
     9
    18
    37
    77
   153
   307
   617
  1202
  2483

1 threads
    14
    11
    11
    13
    12
    12
    16
    17
    28
    43
    79
   101
   177
   364
   667
  1358
  2483

2 threads
    22
    18
    16
    24
    21
    18
    20
    25
    30
    40
    48
    74
   120
   209
   382
   733
  1463

4 threads
    30
    30
    30
    28
    28
    30
    30
    30
    31
    33
    50
    62
   105
   189
   344
   671
  1281

8 threads
    56
    56
    55
    58
    55
    56
    61
    58
    59
    61
    70
    86
   120
   200
   353
   663
  1292

16 threads
   108
   114
   110
   110
   109
   112
   112
   114
   111
   115
   124
   132
   160
   246
   400
   688
  1306
No threads
Bernoulli data set
     0
     0
     1
     0
     1
     1
     3
     4
     9
    18
    38
    83
   154
   307
   624
  1207
  2433

1 threads
    15
    14
    13
    16
    12
    12
    13
    19
    25
    48
    74
    94
   203
   365
   665
  1255
  2483

2 threads
    20
    21
    20
    19
    19
    20
    20
    26
    26
    35
    50
    67
   115
   202
   381
   781
  1444

4 threads
    29
    32
    28
    28
    28
    28
    31
    31
    32
    35
    43
    58
   134
   189
   341
   664
  1270

8 threads
    54
    56
    55
    56
    56
    56
    54
    60
    58
    62
   115
    83
   114
   201
   354
   664
  1291

16 threads
   123
   111
   108
   115
   108
   110
   109
   112
   111
   117
   116
   134
   168
   246
   382
   702
  1306
No threads
Gaussian data set
     0
     0
     1
     0
     1
     1
     3
     4
     8
    18
    38
    75
   158
   312
   617
  1204
  2393

1 threads
    16
    12
    12
    12
    19
    16
    19
    20
    34
    38
    78
   121
   194
   360
   656
  1286
  2471

2 threads
    23
    16
    16
    15
    20
    23
    23
    25
    32
    27
    54
    72
   108
   208
   378
   748
  1471

4 threads
    29
    30
    28
    29
    28
    28
    31
    31
    33
    37
    42
    70
   112
   188
   346
   646
  1769

8 threads
    60
    61
    60
    60
    60
    61
    61
    63
    63
    67
    72
    95
   121
   194
   349
   668
  1265

16 threads
   109
   110
   111
   111
   110
   112
   111
   129
   120
   119
   125
   133
   165
   246
   387
   703
  1304
No threads
Zero data set
     0
     0
     0
     0
     0
     0
     0
     0
    15
    16
    31
    69
   163
   289
   599
  1201
  2600

1 threads
    16
    15
     0
    16
    16
    16
     5
    16
    15
    47
    70
    84
   191
   329
   653
  1300
  2510

2 threads
    14
    31
    31
    16
    21
    16
    31
    16
    31
    32
    37
    63
   100
   238
   385
   839
  1503

4 threads
    31
    31
    22
    31
    32
    37
    16
    31
    31
    40
    35
    63
   101
   200
   333
   670
  1356

8 threads
    47
    62
    53
    63
    53
    47
    69
    53
    63
    53
    70
   100
   115
   185
   353
   671
  1335

16 threads
   115
   116
   100
   116
   116
   100
   116
   122
   116
   116
   122
   163
   168
   238
   397
   805
  1340


Run Number: 3
No threads
Random data set
     0
     0
     0
     0
     0
     0
     0
     0
    22
    16
    31
    63
   147
   300
   601
  1184
  2450

1 threads
    15
     0
    16
    16
    15
    14
    14
     6
    32
    46
    68
   116
   201
   378
   670
  1301
  2549

2 threads
    20
    15
    16
    31
    22
    16
    15
    16
    16
    22
    47
    66
   100
   200
   384
   770
  1471

4 threads
    21
    32
    31
    37
    16
    31
    31
    38
    31
    37
    47
    82
   116
   216
   354
   701
  1332

8 threads
    55
    57
    56
    60
    56
    55
    56
    57
    60
    63
   119
    92
   120
   202
   360
   678
  1667

16 threads
   115
   110
   115
   112
   110
   110
   112
   111
   113
   119
   123
   133
   163
   486
   488
   729
  1384
No threads
Discrete data set
     0
     0
     0
     1
     1
     1
     3
     4
     9
    19
    42
    83
   157
   313
   625
  1275
  2466

1 threads
    18
    12
    12
    14
    11
    14
    14
    19
    25
    49
    54
   121
   205
   362
   698
  1275
  2561

2 threads
    24
    23
    18
    20
    20
    20
    20
    30
    28
    28
    46
    68
   127
   206
   393
   730
  1464

4 threads
    30
    31
    29
    29
    29
    31
    30
    30
    31
    34
    46
    62
   102
   189
   346
   669
  1336

8 threads
    60
    60
    62
    61
    60
    60
    62
    59
    59
    63
    68
    87
   125
   204
   376
   671
  1364

16 threads
   110
   118
   165
   115
   114
   114
   112
   125
   116
   118
   122
   137
   170
   248
   387
   740
  1678
No threads
Uniform data set
     0
     0
     0
     0
     0
     1
     3
     5
     9
    17
    39
    79
   155
   316
   635
  1252
  2494

1 threads
    14
    12
    11
    11
    12
    13
    14
    17
    20
    32
    56
    93
   173
   337
   676
  1275
  2518

2 threads
    22
    20
    19
    20
    20
    20
    20
    21
    30
    39
    45
    65
   113
   218
   390
   790
  1508

4 threads
    30
    30
    29
    30
    30
    29
    31
    30
    32
    34
    45
    61
   114
   195
   363
   892
  1375

8 threads
    56
    56
    55
    59
    57
    55
    61
    60
    59
    62
    73
    84
   119
   221
   388
   697
  1356

16 threads
   108
   119
   159
   113
   111
   112
   118
   125
   117
   118
   117
   143
   171
   244
   389
   689
  1311
No threads
Bernoulli data set
     0
     0
     0
     0
     1
     1
     2
     5
     9
    17
    39
    88
   163
   346
   671
  1272
  2416

1 threads
    16
    12
    11
    11
    15
    12
    13
    19
    27
    44
    66
   102
   178
   359
   634
  1274
  2503

2 threads
    21
    16
    15
    19
    20
    19
    20
    24
    28
    39
    43
    71
   108
   206
   373
   737
  1609

4 threads
    49
    44
    33
    31
    28
    31
    31
    29
    29
    38
    44
    62
   101
   187
   341
   655
  1284

8 threads
    55
    56
    58
    63
    56
    56
    55
    60
    58
    62
    73
    85
   119
   201
   352
   664
  1285

16 threads
   110
   110
   152
   115
   111
   112
   112
   115
   114
   117
   118
   136
   184
   238
   379
   686
  1304
No threads
Gaussian data set
     0
     0
     0
     0
     0
     0
     0
     0
     0
    16
    32
    69
   131
   285
   600
  1173
  2351

1 threads
    11
     0
    16
    15
    16
    15
    16
    16
    31
    47
    69
   116
   185
   364
   669
  1268
  2490

2 threads
    16
    32
     4
    16
    16
    16
    21
    31
    35
    31
    47
   101
   112
   226
   376
   729
  1424

4 threads
    28
    29
    28
    28
    28
    28
    31
    30
    31
    35
    45
    63
   106
   189
   340
   653
  1253

8 threads
    55
    55
    55
    57
    55
    55
    55
    60
    69
    65
    72
    86
   117
   195
   353
   664
  1253

16 threads
   106
   109
   149
   114
   121
   113
   113
   117
   110
   119
   126
   132
   162
   368
   379
   693
  1277
No threads
Zero data set
     0
     0
     0
     1
     0
     1
     3
     4
     9
    18
    37
    74
   155
   306
   617
  1232
  2450

1 threads
    13
    11
    12
    11
    12
    12
    13
    16
    19
    30
    62
    98
   179
   339
   668
  1272
  2494

2 threads
    22
    19
    17
    16
    16
    17
    18
    20
    24
    25
    44
    62
   103
   201
   376
   747
  1462

4 threads
    30
    29
    29
    31
    28
    29
    29
    34
    30
    33
    41
    69
   103
   185
   347
   655
  1286

8 threads
    56
    55
    55
    58
    56
    56
    55
    59
    59
    62
    76
    87
   122
   193
   350
   668
  1315

16 threads
   121
   111
   149
   117
   110
   113
   112
   113
   115
   117
   121
   142
   162
   243
   387
   729
  1316


Run Number: 4
No threads
Random data set
     0
     0
     1
     0
     1
     1
     2
     4
     9
    17
    39
    79
   152
   308
   606
  1205
  2451

1 threads
    14
    11
    11
    11
    11
    12
    13
    16
    26
    43
    58
   106
   204
   357
   642
  1260
  2504

2 threads
    22
    16
    16
    16
    16
    16
    17
    21
    27
    37
    42
    58
   105
   198
   376
   728
  1453

4 threads
    29
    28
    28
    28
    31
    27
    29
    31
    31
    33
    42
    62
   101
   186
   482
   654
  1283

8 threads
    55
    57
    54
    57
    57
    55
    56
    59
    57
    64
    75
    83
   124
   209
   352
   661
  1286

16 threads
   108
   109
   149
   113
   111
   112
   113
   114
   112
   120
   117
   134
   160
   244
   383
   691
  1308
No threads
Discrete data set
     0
     0
     0
     1
     1
     1
     2
     5
     9
    17
    37
    76
   155
   306
   613
  1216
  2468

1 threads
    15
    11
    11
    11
    11
    14
    15
    20
    25
    48
    66
   120
   205
   343
   665
  1254
  2496

2 threads
    23
    19
    20
    19
    18
    20
    23
    23
    27
    35
    40
    69
   122
   213
   371
   738
  1509

4 threads
    29
    30
    29
    30
    38
    37
    40
    37
    36
    42
    52
    78
   142
   254
   343
   818
  1280

8 threads
    56
    56
    55
    57
    56
    56
    55
    59
    58
    62
    69
    96
   118
   198
   352
   662
  1287

16 threads
   108
   115
   149
   114
   111
   113
   154
   154
   179
   206
   121
   132
   178
   240
   383
   691
  1314
No threads
Uniform data set
     0
     0
     0
     1
     0
     1
     2
     5
     9
    17
    40
    79
   150
   308
   616
  1202
  2413

1 threads
    14
    12
    11
    11
    11
    12
    13
    17
    25
    41
    63
   119
   204
   365
   662
  1270
  2516

2 threads
    18
    20
    18
    18
    19
    18
    20
    19
    26
    38
    43
    58
   108
   214
   379
   732
  1447

4 threads
    31
    30
    29
    29
    29
    28
    31
    30
    29
    33
    43
    62
   107
   189
   341
   653
  1285

8 threads
    57
    57
    57
    58
    59
    57
    57
    61
    59
    63
    75
    88
   122
   199
   354
   667
  1285

16 threads
   109
   109
   148
   121
   110
   113
   112
   114
   114
   118
   119
   133
   162
   244
   383
   687
  1306
No threads
Bernoulli data set
     0
     1
     0
     0
     0
     1
     2
     4
     8
    18
    37
    76
   154
   306
   603
  1202
  2449

1 threads
    13
    12
    12
    11
    11
    13
    13
    20
    27
    40
    53
    97
   203
   360
   659
  1263
  2506

2 threads
    21
    20
    21
    23
    22
    19
    20
    25
    27
    37
    40
    79
   186
   200
   378
   729
  1440

4 threads
    30
    29
    29
    28
    28
    27
    32
    31
    33
    34
    49
    61
   106
   196
   340
   653
  1279

8 threads
    57
    56
    54
    59
    56
    54
    56
    60
    58
    63
    73
    86
   120
   203
   352
   658
  1286

16 threads
   107
   111
   151
   112
   112
   111
   112
   115
   113
   117
   117
   133
   165
   241
   387
   687
  1336
No threads
Gaussian data set
     0
     0
     0
     0
     1
     1
     2
     4
     9
    18
    36
    75
   150
   314
   623
  1232
  2397

1 threads
    15
    11
    11
    11
    12
    14
    17
    20
    26
    44
    76
   118
   198
   343
   658
  1254
  2476

2 threads
    20
    19
    17
    16
    19
    20
    20
    20
    29
    27
    48
    71
   104
   197
   379
   821
  1548

4 threads
    33
    32
    36
    32
    32
    30
    30
    29
    30
    38
    45
    70
   124
   217
   348
   653
  1244

8 threads
    56
    54
    54
    57
    56
    55
    55
    60
    57
    62
    71
    87
   121
   197
   350
   666
  1251

16 threads
   110
   110
   153
   114
   111
   114
   112
   114
   112
   116
   121
   133
   160
   244
   383
   689
  1281
No threads
Zero data set
     0
     0
     0
     1
     0
     1
     3
     4
     9
    18
    39
    74
   151
   303
   609
  1207
  2433

1 threads
    14
    11
    12
    12
    12
    12
    13
    15
    19
    30
    66
   114
   177
   330
   659
  1277
  2490

2 threads
    20
    24
    16
    17
    16
    16
    17
    18
    21
    26
    42
    61
   102
   200
   378
   731
  1452

4 threads
    33
    33
    31
    27
    29
    30
    30
    30
    31
    33
    41
    69
   105
   186
   346
   659
  1285

8 threads
    56
    55
    56
    63
    56
    56
    57
    59
    57
    62
    73
    87
   118
   194
   386
   667
  1300

16 threads
   109
   108
   148
   113
   110
   112
   112
   112
   113
   116
   120
   137
   157
   241
   385
   690
  1313


Run Number: 5
No threads
Random data set
     0
     0
     0
     1
     0
     1
     2
     5
     9
    17
    42
    80
   153
   312
   606
  1216
  2456

1 threads
    15
    10
    12
    12
    12
    12
    13
    16
    24
    40
    60
   122
   202
   351
   654
  1270
  2597

2 threads
    21
    19
    21
    17
    16
    16
    17
    18
    29
    39
    43
    60
   106
   208
   379
   724
  1459

4 threads
    30
    28
    29
    28
    28
    28
    29
    33
    32
    34
    46
    60
   108
   188
   341
   652
  1281

8 threads
    55
    54
    56
    57
    55
    55
    56
    59
    59
    64
    74
    86
   121
   201
   353
   661
  1288

16 threads
   107
   109
   148
   113
   111
   113
   112
   114
   112
   118
   116
   133
   161
   241
   383
   699
  1400
No threads
Discrete data set
     0
     0
     1
     0
     0
     1
     2
     4
     9
    18
    42
    82
   166
   314
   616
  1243
  2445

1 threads
    14
    11
    11
    12
    11
    13
    14
    20
    25
    43
    56
   120
   203
   353
   665
  1271
  2503

2 threads
    22
    19
    17
    17
    16
    16
    19
    26
    27
    29
    41
    67
   118
   193
   374
   730
  1447

4 threads
    30
    32
    30
    30
    28
    28
    30
    30
    30
    34
    49
    61
   103
   182
   349
   660
  1275

8 threads
    56
    56
    54
    56
    55
    58
    57
    58
    57
    65
    67
    85
   122
   197
   444
   667
  1281

16 threads
   109
   113
   153
   113
   111
   113
   112
   119
   114
   113
   122
   130
   164
   240
   382
   687
  1308
No threads
Uniform data set
     1
     0
     0
     0
     1
     1
     2
     5
     9
    18
    38
    79
   159
   306
   616
  1208
  2437

1 threads
    14
    11
    11
    12
    11
    12
    14
    16
    24
    44
    63
   122
   202
   353
   643
  1273
  2495

2 threads
    21
    20
    16
    16
    16
    16
    20
    20
    20
    27
    42
    60
   106
   205
   377
   734
  1445

4 threads
    28
    29
    28
    28
    29
    28
    28
    31
    31
    33
    41
    61
   102
   181
   341
   648
  1286

8 threads
    55
    56
    56
    56
    55
    56
    56
    60
    58
    63
    74
    82
   119
   200
   354
   660
  1283

16 threads
   110
   108
   151
   112
   111
   113
   111
   114
   113
   116
   118
   132
   160
   245
   382
   690
  1310
No threads
Bernoulli data set
     0
     0
     0
     1
     1
     2
     2
     5
     8
    17
    39
    78
   154
   315
   617
  1231
  2423

1 threads
    14
    11
    11
    11
    11
    12
    13
    19
    25
    42
    62
   118
   201
   353
   646
  1262
  2481

2 threads
    34
    12
    16
    16
    15
    16
    16
    21
    32
    38
    37
    69
   100
   216
   369
   748
  1466

4 threads
    31
    38
    31
    31
    16
    37
    32
    31
    37
    31
    47
    62
   100
   185
   332
   648
  1271

8 threads
    53
    63
    53
    63
    60
    55
    50
    54
    47
    62
    62
    85
   116
   195
   347
   670
  1289

16 threads
   100
   116
   153
   116
   100
   116
   116
   116
   121
   116
   116
   132
   169
   247
   385
   687
  1303
No threads
Gaussian data set
     0
     0
     0
     0
     0
     0
     0
     0
     0
    22
    49
    84
   152
   285
   585
  1224
  2356

1 threads
    17
    12
    11
    11
    11
    15
    18
    19
    24
    48
    72
   119
   200
   355
   659
  1295
  2471

2 threads
    22
    16
    17
    17
    17
    21
    21
    23
    31
    36
    48
    64
   118
   200
   380
   736
  1523

4 threads
    28
    29
    29
    27
    28
    28
    30
    32
    35
    40
    43
    68
   110
   181
   385
   701
  1301

8 threads
    61
    61
    57
    61
    56
    54
    55
    57
    59
    62
    80
    87
   128
   197
   350
   723
  1253

16 threads
   108
   109
   148
   114
   111
   114
   112
   115
   109
   117
   122
   133
   162
   237
   381
   693
  1269
No threads
Zero data set
     0
     0
     0
     0
     1
     1
     2
     4
     8
    18
    38
    74
   151
   306
   605
  1214
  2412

1 threads
    16
    11
    11
    11
    11
    12
    13
    16
    20
    30
    65
   108
   187
   341
   668
  1275
  2507

2 threads
    23
    20
    20
    20
    20
    20
    26
    19
    20
    30
    42
    62
   109
   232
   375
   739
  1466

4 threads
    29
    28
    28
    28
    29
    28
    29
    33
    31
    32
    44
    66
   102
   186
   343
   662
  1283

8 threads
    56
    55
    56
    56
    56
    56
    56
    58
    58
    63
    75
    85
   118
   194
   358
   667
  1295

16 threads
   110
   109
   156
   113
   112
   112
   111
   115
   113
   117
   120
   136
   159
   245
   383
   699
  1315


Run Number: 6
No threads
Random data set
     0
     0
     0
     0
     0
     1
     3
     4
     8
    17
    39
    79
   151
   307
   612
  1228
  2454

1 threads
    13
    11
    11
    11
    12
    12
    13
    16
    24
    48
    59
   109
   218
   334
   666
  1274
  2504

2 threads
    20
    19
    20
    20
    20
    21
    19
    18
    20
    32
    44
    60
   117
   214
   382
   731
  1459

4 threads
    33
    30
    29
    29
    29
    28
    32
    30
    30
    33
    42
    60
    99
   181
   348
   655
  1279

8 threads
    54
    55
    56
    57
    56
    56
    59
    60
    57
    63
    76
    83
   116
   197
   354
   663
  1291

16 threads
   106
   108
   150
   112
   113
   112
   110
   114
   113
   116
   117
   132
   163
   240
   381
   688
  1306
No threads
Discrete data set
     0
     0
     0
     0
     0
     2
     2
     5
     9
    18
    38
    77
   158
   301
   612
  1228
  2442

1 threads
    15
    10
    11
    11
    11
    12
    14
    20
    27
    34
    56
    97
   193
   350
   651
  1283
  2494

2 threads
    20
    21
    16
    16
    17
    20
    22
    25
    28
    37
    46
    63
   114
   201
   371
   729
  1443

4 threads
    29
    29
    28
    28
    28
    28
    28
    30
    31
    35
    47
    62
   104
   182
   342
   655
  1278

8 threads
    54
    56
    55
    57
    57
    54
    57
    62
    63
    63
    68
    87
   119
   193
   351
   669
  1280

16 threads
   108
   112
   151
   113
   112
   111
   113
   113
   112
   115
   119
   131
   165
   236
   380
   686
  1309
No threads
Uniform data set
     0
     1
     0
     0
     1
     1
     2
     4
     9
    18
    41
    78
   150
   307
   605
  1221
  2460

1 threads
    14
    11
    11
    11
    11
    14
    13
    17
    24
    41
    62
   119
   194
   352
   654
  1264
  2500

2 threads
    23
    16
    21
    18
    16
    17
    16
    18
    29
    38
    43
    68
   118
   216
   379
   734
  1457

4 threads
    31
    30
    28
    28
    27
    28
    30
    31
    32
    33
    42
    60
   101
   186
   340
   654
  1279

8 threads
    55
    55
    55
    59
    56
    55
    56
    58
    57
    65
    72
    83
   120
   202
   354
   659
  1284

16 threads
   112
   113
   151
   114
   113
   112
   112
   114
   113
   119
   119
   135
   162
   246
   382
   696
  1309
No threads
Bernoulli data set
     0
     0
     0
     1
     1
     1
     2
     5
     8
    17
    39
    77
   157
   313
   623
  1215
  2483

1 threads
    15
    11
    11
    11
    11
    12
    13
    19
    23
    39
    67
    97
   173
   341
   648
  1287
  2502

2 threads
    19
    17
    17
    16
    22
    16
    17
    21
    28
    39
    40
    65
   119
   208
   377
   737
  1450

4 threads
    30
    30
    28
    28
    29
    28
    30
    31
    32
    33
    48
    60
   102
   184
   343
   649
  1282

8 threads
    55
    55
    56
    58
    55
    56
    55
    58
    58
    62
    70
    84
   114
   202
   350
   661
  1281

16 threads
   110
   109
   149
   113
   112
   114
   111
   113
   114
   116
   118
   134
   164
   238
   380
   687
  1309
No threads
Gaussian data set
     1
     0
     0
     1
     0
     1
     2
     4
     8
    17
    36
    80
   152
   314
   601
  1229
  2385

1 threads
    14
    10
    10
    11
    14
    15
    17
    20
    27
    47
    76
   104
   174
   363
   663
  1262
  2452

2 threads
    20
    19
    17
    22
    19
    22
    22
    22
    23
    27
    48
    69
   116
   207
   371
   739
  1422

4 threads
    28
    29
    28
    28
    28
    28
    30
    29
    30
    34
    45
    68
   102
   182
   338
   654
  1243

8 threads
    56
    54
    56
    58
    53
    55
    55
    61
    57
    61
    70
    85
   119
   197
   354
   661
  1342

16 threads
   170
   114
   206
   111
   113
   112
   113
   112
   112
   113
   118
   131
   161
   236
   380
   692
  1270
No threads
Zero data set
     0
     0
     1
     0
     0
     2
     2
     4
    10
    17
    40
    75
   153
   306
   632
  1224
  2489

1 threads
    13
    11
    12
    11
    13
    13
    16
    15
    21
    30
    63
    99
   178
   350
   660
  1307
  2629

2 threads
    24
    16
    17
    16
    16
    17
    17
    23
    23
    27
    42
    62
   105
   195
   374
   734
  1524

4 threads
    29
    30
    29
    29
    27
    29
    30
    32
    31
    35
    45
    70
   102
   186
   362
   706
  1299

8 threads
    55
    55
    62
    58
    56
    56
    55
    57
    59
    64
    73
    86
   118
   192
   359
   722
  1312

16 threads
   112
   113
   151
   114
   111
   113
   113
   116
   116
   122
   123
   136
   164
   254
   394
   703
  1633


Run Number: 7
No threads
Random data set
     0
     0
     0
     1
     1
     1
     3
     5
    10
    22
    48
    85
   161
   352
   627
  1222
  2523

1 threads
    12
    11
    10
    11
    13
    12
    13
    15
    25
    47
    58
   117
   198
   354
   670
  1260
  2486

2 threads
    19
    22
    16
    17
    17
    21
    21
    27
    27
    39
    43
    60
   103
   214
   377
   732
  1444

4 threads
    28
    29
    29
    28
    28
    28
    30
    31
    32
    33
    43
    60
   104
   189
   343
   651
  1277

8 threads
    55
    56
    56
    56
    56
    55
    57
    59
    58
    62
    73
    82
   118
   197
   351
   661
  1284

16 threads
   108
   109
   150
   114
   112
   112
   111
   114
   113
   118
   119
   132
   157
   243
   382
   690
  1303
No threads
Discrete data set
     0
     0
     1
     0
     0
     2
     2
     4
     9
    18
    38
    79
   158
   301
   636
  1262
  2531

1 threads
    14
    14
    11
    11
    12
    12
    14
    21
    25
    56
    57
   119
   207
   357
   685
  1324
  2576

2 threads
    19
    19
    20
    20
    19
    21
    20
    22
    28
    37
    51
    68
   146
   248
   448
   766
  1491

4 threads
    30
    30
    31
    29
    29
    29
    30
    31
    31
    34
    45
    61
   119
   205
   347
   655
  1280

8 threads
    54
    56
    56
    57
    55
    54
    57
    58
    65
    86
    68
    86
   122
   198
   351
   663
  1284

16 threads
   108
   111
   148
   112
   112
   112
   112
   114
   112
   113
   117
   130
   164
   236
   382
   685
  1306
No threads
Uniform data set
     0
     0
     0
     0
     1
     1
     2
     5
     8
    17
    40
    79
   151
   306
   615
  1228
  2481

1 threads
    15
    11
    11
    12
    11
    12
    13
    16
    22
    46
    63
   120
   201
   344
   676
  1252
  2497

2 threads
    20
    18
    19
    18
    18
    18
    20
    21
    29
    39
    45
    58
   102
   208
   382
   730
  1444

4 threads
    29
    29
    28
    27
    30
    28
    29
    30
    30
    33
    42
    59
   100
   183
   342
   675
  1276

8 threads
    56
    56
    57
    57
    56
    54
    56
    60
    58
    63
    73
    83
   117
   200
   353
   663
  1285

16 threads
   107
   109
   148
   113
   111
   113
   111
   115
   113
   117
   117
   131
   166
   242
   384
   690
  1421
No threads
Bernoulli data set
     0
     0
     0
     0
     0
     1
     2
     4
     9
    17
    39
    80
   155
   305
   617
  1222
  2444

1 threads
    14
    11
    11
    11
    11
    12
    13
    23
    25
    45
    67
   121
   203
   337
   660
  1260
  2491

2 threads
    19
    19
    20
    20
    20
    21
    16
    24
    29
    39
    43
    76
   122
   198
   379
   738
  1453

4 threads
    31
    29
    28
    29
    28
    28
    31
    30
    31
    33
    50
    61
   105
   187
   337
   650
  1266

8 threads
    47
    55
    63
    50
    63
    54
    66
    47
    53
    53
    68
    85
   116
   201
   354
   669
  1281

16 threads
   100
   116
   147
   116
    98
   117
   117
   116
   115
   116
   116
   144
   162
   237
   379
   686
  1303
No threads
Gaussian data set
     0
     0
     0
     0
     0
     0
    15
     0
     8
    16
    31
    69
   147
   301
   598
  1180
  2433

1 threads
    22
    16
     0
     0
    16
    16
    20
    32
    32
    31
    68
   115
   200
   369
   649
  1279
  2470

2 threads
    21
    16
    17
    16
    20
    21
    24
    24
    27
    27
    50
    74
   117
   199
   374
   733
  1416

4 threads
    28
    28
    28
    28
    28
    28
    31
    30
    30
    34
    43
    64
   103
   182
   338
   653
  1251

8 threads
    54
    55
    56
    56
    57
    55
    55
    59
    59
    63
    72
    87
   120
   196
   360
   660
  1271

16 threads
   113
   114
   150
   113
   111
   112
   112
   113
   114
   118
   124
   133
   162
   238
   390
   734
  1316
No threads
Zero data set
     0
     0
     0
     0
     1
     1
     2
     5
     8
    17
    38
    76
   152
   331
   630
  1251
  2617

1 threads
    14
    13
    12
    11
    16
    15
    13
    17
    24
    37
    63
   113
   178
   377
   687
  1301
  2495

2 threads
    22
    19
    19
    20
    20
    20
    21
    23
    23
    33
    47
    65
   111
   204
   378
   790
  1476

4 threads
    31
    29
    29
    28
    29
    28
    30
    32
    30
    33
    41
    69
   103
   184
   348
   661
  1319

8 threads
    55
    55
    56
    57
    57
    55
    55
    60
    58
    62
    74
    88
   116
   194
   360
   674
  1572

16 threads
   115
   109
   146
   113
   111
   112
   112
   114
   114
   119
   119
   135
   159
   246
   383
   692
  1313


Run Number: 8
No threads
Random data set
     0
     0
     0
     0
     0
     1
     3
     5
     9
    17
    41
    81
   155
   307
   603
  1214
  2458

1 threads
    15
    12
    11
    11
    12
    12
    13
    16
    24
    41
    60
   120
   202
   342
   649
  1250
  2489

2 threads
    20
    17
    16
    16
    16
    17
    17
    17
    27
    38
    45
    71
   104
   212
   378
   727
  1462

4 threads
    34
    32
    29
    28
    28
    29
    30
    31
    31
    35
    47
    61
   103
   188
   340
   654
  1279

8 threads
    55
    56
    55
    59
    55
    55
    55
    58
    57
    63
    72
    84
   118
   199
   350
   662
  1286

16 threads
   108
   111
   149
   113
   110
   112
   112
   114
   113
   117
   118
   134
   162
   248
   383
   687
  1307
No threads
Discrete data set
     0
     0
     0
     1
     1
     1
     2
     5
     9
    17
    38
    68
   154
   299
   626
  1216
  2462

1 threads
    14
    11
    11
    11
    11
    12
    14
    20
    25
    43
    68
   120
   202
   333
   651
  1288
  2589

2 threads
    19
    17
    16
    17
    16
    16
    18
    20
    26
    29
    47
    67
   111
   206
   373
   741
  1457

4 threads
    31
    30
    30
    28
    28
    28
    31
    31
    29
    33
    45
    61
   101
   182
   338
   651
  1277

8 threads
    55
    55
    56
    56
    56
    56
    56
    57
    58
    64
    67
    85
   116
   198
   350
   665
  1287

16 threads
   107
   110
   151
   113
   111
   112
   110
   112
   112
   113
   118
   129
   164
   239
   380
   686
  1307
No threads
Uniform data set
     0
     0
     0
     0
     1
     1
     2
     5
     9
    18
    38
    80
   149
   314
   605
  1241
  2419

1 threads
    14
    10
    12
    11
    11
    12
    13
    15
    26
    43
    62
   120
   202
   366
   650
  1264
  2507

2 threads
    19
    20
    15
    16
    17
    17
    18
    19
    28
    38
    43
    58
   107
   206
   376
   726
  1448

4 threads
    31
    30
    30
    30
    30
    30
    32
    32
    32
    36
    47
    63
   106
   187
   341
   655
  1279

8 threads
    54
    56
    55
    57
    55
    54
    56
    59
    58
    63
    72
    84
   119
   196
   353
   662
  1571

16 threads
   108
   110
   150
   114
   112
   112
   112
   111
   112
   124
   117
   134
   158
   241
   382
   687
  1317
No threads
Bernoulli data set
     0
     0
     1
     0
     1
     1
     3
     4
     9
    17
    40
    78
   159
   309
   609
  1210
  2496

1 threads
    15
    11
    11
    11
    11
    12
    13
    21
    29
    47
    62
   112
   180
   329
   649
  1275
  2493

2 threads
    21
    21
    21
    21
    21
    19
    20
    26
    30
    33
    42
    78
   119
   206
   375
   731
  1460

4 threads
    31
    29
    28
    28
    29
    28
    29
    30
    31
    33
    47
    64
   106
   187
   340
   652
  1279

8 threads
    58
    58
    57
    59
    56
    55
    55
    58
    57
    61
    71
    86
   120
   201
   349
   661
  1283

16 threads
   108
   110
   148
   113
   110
   112
   112
   112
   112
   115
   119
   131
   163
   241
   379
   687
  1309
No threads
Gaussian data set
     0
     0
     0
     1
     0
     1
     2
     5
     8
    17
    36
    77
   152
   300
   622
  1242
  2395

1 threads
    15
    13
    12
    11
    12
    15
    17
    21
    25
    33
    72
   118
   199
   353
   654
  1259
  2453

2 threads
    19
    21
    16
    16
    18
    22
    22
    25
    24
    27
    49
    67
   119
   205
   373
   748
  1504

4 threads
    31
    29
    29
    29
    28
    29
    30
    29
    32
    36
    48
    70
   107
   199
   357
   834
  1248

8 threads
    57
    55
    54
    60
    56
    56
    61
    57
    59
    64
    68
    85
   121
   195
   351
   661
  1254

16 threads
   108
   109
   151
   113
   111
   114
   112
   114
   109
   115
   121
   130
   161
   241
   377
   685
  1280
No threads
Zero data set
     0
     0
     1
     0
     0
     1
     2
     4
     8
    17
    39
    75
   152
   308
   613
  1243
  2466

1 threads
    14
    11
    11
    12
    11
    12
    15
    15
    24
    30
    62
   111
   204
   342
   662
  1278
  2493

2 threads
    22
    17
    17
    20
    20
    17
    17
    18
    19
    25
    43
    62
   104
   196
   377
   732
  1558

4 threads
    46
    43
    41
    46
    59
    40
    34
    30
    30
    33
    48
    62
   102
   185
   345
   653
  1286

8 threads
    55
    55
    57
    57
    55
    56
    56
    58
    59
    63
    74
    88
   117
   193
   357
   669
  1302

16 threads
   112
   110
   149
   112
   110
   113
   112
   112
   114
   115
   121
   136
   158
   241
   386
   690
  1314


Run Number: 9
No threads
Random data set
     0
     0
     1
     0
     1
     1
     2
     5
     8
    18
    42
    79
   150
   311
   621
  1246
  2488

1 threads
    15
    11
    11
    11
    12
    12
    13
    17
    25
    39
    56
   118
   203
   367
   653
  1289
  2486

2 threads
    19
    24
    21
    20
    19
    20
    20
    22
    29
    39
    44
    58
   108
   204
   382
   722
  1449

4 threads
    29
    28
    28
    28
    28
    28
    28
    32
    30
    35
    42
    64
   101
   212
   342
   654
  1272

8 threads
    55
    55
    56
    57
    55
    57
    56
    57
    60
    63
    72
    84
   119
   200
   353
   661
  1285

16 threads
   112
   111
   147
   112
   111
   112
   111
   113
   113
   119
   116
   134
   160
   241
   383
   691
  1307
No threads
Discrete data set
     0
     0
     0
     2
     1
     1
     2
     5
     9
    18
    37
    77
   153
   301
   605
  1219
  2438

1 threads
    15
    11
    11
    11
    12
    12
    15
    19
    25
    48
    73
   121
   203
   341
   660
  1266
  2495

2 threads
    20
    20
    19
    19
    17
    17
    17
    18
    21
    29
    40
    65
   115
   198
   376
   731
  1440

4 threads
    28
    29
    28
    29
    29
    28
    29
    29
    34
    32
    47
    64
   102
   183
   340
   650
  1284

8 threads
    54
    55
    56
    55
    56
    55
    55
    58
    58
    62
    66
    86
   119
   192
   351
   664
  1293

16 threads
   108
   109
   149
   113
   111
   113
   111
   113
   113
   113
   117
   131
   167
   239
   380
   693
  1306
No threads
Uniform data set
     0
     0
     0
     1
     0
     1
     1
     4
     9
    18
    39
    78
   149
   304
   607
  1232
  2450

1 threads
    14
    11
    11
    11
    11
    12
    15
    17
    21
    39
    64
   119
   203
   342
   658
  1271
  2526

2 threads
    22
    16
    16
    17
    16
    17
    17
    20
    30
    37
    43
    59
   104
   197
   378
   728
  1439

4 threads
    30
    32
    30
    28
    28
    29
    29
    30
    30
    34
    43
    60
   107
   189
   342
   655
  1281

8 threads
    55
    56
    56
    56
    57
    56
    54
    63
    58
    64
    71
    81
   121
   199
   355
   663
  1291

16 threads
   109
   110
   151
   112
   118
   113
   112
   113
   114
   117
   116
   136
   160
   242
   380
   688
  1341
No threads
Bernoulli data set
     0
     0
     0
     0
     0
     1
     2
     4
     8
    18
    38
    80
   158
   306
   622
  1239
  2460

1 threads
    16
    10
    11
    11
    11
    12
    13
    21
    24
    44
    64
   116
   201
   358
   660
  1263
  2508

2 threads
    20
    19
    18
    20
    20
    20
    21
    21
    28
    38
    46
    64
   120
   213
   379
   735
  1454

4 threads
    29
    28
    28
    28
    30
    28
    30
    37
    32
    33
    47
    59
   102
   188
   340
   653
  1279

8 threads
    55
    56
    55
    57
    56
    54
    56
    57
    58
    62
    70
    84
   117
   200
   350
   663
  1287

16 threads
   108
   110
   151
   116
   112
   114
   112
   114
   114
   116
   118
   133
   167
   255
   419
   709
  1361
No threads
Gaussian data set
     0
     0
     0
     0
     1
     2
     2
     4
    10
    20
    37
    86
   150
   396
   625
  1295
  2409

1 threads
    15
    10
    11
    11
    12
    16
    17
    19
    24
    41
    76
   119
   200
   358
   663
  1277
  2460

2 threads
    21
    16
    16
    17
    18
    21
    23
    24
    29
    28
    50
    68
   119
   201
   384
   730
  1428

4 threads
    30
    31
    60
    32
    28
    33
    33
    34
    31
    35
    47
    68
   101
   183
   341
   656
  1251

8 threads
    55
    55
    56
    57
    55
    55
    55
    58
    59
    64
    69
    88
   113
   196
   351
   664
  1257

16 threads
   108
   111
   148
   113
   110
   113
   112
   113
   111
   117
   120
   133
   160
   237
   379
   687
  1277
No threads
Zero data set
     0
     0
     0
     0
     1
     1
     2
     5
     9
    16
    40
    76
   155
   311
   613
  1218
  2457

1 threads
    15
    11
    11
    11
    12
    12
    14
    15
    20
    30
    64
    95
   192
   369
   670
  1355
  2497

2 threads
    19
    20
    16
    17
    17
    16
    16
    17
    20
    26
    42
    60
   103
   196
   377
   742
  1465

4 threads
    30
    30
    29
    36
    30
    28
    30
    30
    31
    34
    43
    70
   102
   187
   344
   683
  1330

8 threads
    58
    55
    55
    58
    59
    59
    56
    78
    63
    64
    72
    93
   134
   192
   380
   697
  1335

16 threads
   110
   108
   153
   114
   113
   114
   111
   115
   123
   120
   123
   139
   175
   245
   405
   739
  1372


Run Number: 10
No threads
Random data set
     0
     0
     1
     0
     1
     1
     2
     5
     8
    19
    39
    78
   161
   307
   628
  1235
  2537

1 threads
    15
    11
    11
    12
    11
    12
    13
    15
    24
    46
    62
   119
   211
   338
   679
  1334
  2608

2 threads
    19
    22
    16
    16
    17
    18
    25
    23
    25
    33
    44
    58
   109
   228
   376
   773
  1511

4 threads
    31
    30
    30
    28
    28
    28
    29
    30
    30
    33
    44
    61
   103
   187
   367
   687
  1277

8 threads
    55
    55
    55
    57
    56
    56
    56
    57
    58
    64
    73
    82
   120
   201
   356
   661
  1285

16 threads
   108
   112
   147
   111
   112
   112
   112
   114
   113
   117
   116
   135
   160
   241
   378
   691
  1306
No threads
Discrete data set
     0
     0
     0
     1
     1
     1
     2
     4
     8
    18
    37
    76
   156
   301
   622
  1243
  2477

1 threads
    13
    10
    10
    11
    12
    12
    14
    20
    24
    32
    67
   116
   199
   359
   679
  1280
  2502

2 threads
    20
    23
    18
    18
    17
    17
    23
    23
    30
    29
    47
    75
   111
   195
   373
   731
  1480

4 threads
    29
    29
    28
    28
    27
    29
    30
    35
    33
    34
    46
    62
   103
   181
   341
   657
  1279

8 threads
    56
    55
    55
    58
    57
    55
    56
    58
    57
    63
    68
    88
   118
   195
   353
   661
  1291

16 threads
   113
   111
   148
   112
   110
   113
   112
   113
   114
   114
   118
   132
   165
   240
   382
   688
  1307
No threads
Uniform data set
     0
     0
     0
     1
     0
     1
     2
     5
     9
    17
    38
    79
   152
   314
   611
  1202
  2456

1 threads
    15
    11
    11
    11
    11
    13
    18
    18
    23
    36
    56
    89
   174
   331
   651
  1265
  2494

2 threads
    19
    16
    17
    16
    17
    16
    16
    18
    20
    42
    62
    96
   167
   197
   375
   734
  1460

4 threads
    30
    27
    29
    28
    28
    29
    29
    32
    30
    32
    44
    61
   105
   188
   341
   663
  1285

8 threads
    57
    54
    56
    56
    56
    56
    55
    58
    58
    62
    72
    83
   121
   240
   351
   663
  1291

16 threads
   109
   108
   153
   114
   111
   112
   114
   116
   112
   117
   117
   133
   157
   244
   381
   687
  1306
No threads
Bernoulli data set
     0
     0
     1
     0
     0
     1
     2
     4
     9
    17
    37
    77
   157
   308
   613
  1219
  2426

1 threads
    15
    10
    11
    11
    12
    12
    13
    18
    28
    42
    63
   118
   199
   335
   639
  1264
  2498

2 threads
    21
    22
    21
    21
    20
    17
    17
    21
    23
    31
    42
    66
   122
   209
   377
   729
  1442

4 threads
    31
    30
    28
    29
    28
    28
    30
    30
    32
    34
    47
    59
   103
   185
   337
   649
  1280

8 threads
    54
    57
    56
    58
    57
    55
    55
    59
    57
    63
    70
    84
   113
   201
   348
   663
  1286

16 threads
   107
   109
   152
   115
   111
   112
   111
   114
   113
   115
   116
   135
   162
   243
   381
   686
  1303
No threads
Gaussian data set
     0
     0
     0
     0
     0
     2
     2
     4
     9
    18
    36
    76
   150
   313
   613
  1236
  2395

1 threads
    15
    11
    11
    11
    11
    15
    18
    21
    25
    49
    72
   119
   201
   343
   644
  1270
  2482

2 threads
    20
    19
    18
    19
    20
    20
    19
    24
    29
    36
    49
    71
   116
   201
   382
   734
  1420

4 threads
    28
    28
    29
    29
    28
    28
    30
    29
    31
    35
    45
    67
   106
   186
   337
   651
  1257

8 threads
    54
    56
    54
    59
    54
    55
    57
    58
    57
    62
    71
    87
   121
   197
   353
   660
  1253

16 threads
   109
   110
   147
   112
   111
   111
   113
   152
   221
   155
   120
   132
   161
   234
   379
   686
  1277
No threads
Zero data set
     0
     0
     0
     1
     0
     1
     3
     4
     8
    17
    38
    75
   151
   313
   721
  1207
  2445

1 threads
    12
    11
    11
    11
    11
    12
    13
    15
    21
    34
    58
    97
   177
   351
   648
  1272
  2515

2 threads
    22
    20
    20
    19
    23
    23
    20
    20
    22
    33
    43
    62
   108
   191
   372
   738
  1455

4 threads
    28
    28
    29
    28
    29
    30
    29
    32
    30
    33
    43
    67
   102
   188
   343
   661
  1282

8 threads
    57
    54
    55
    56
    56
    56
    57
    59
    57
    61
    73
    86
   116
   192
   355
   665
  1291

16 threads
   109
   109
   149
   120
   113
   111
   113
   115
   113
   117
   123
   134
   158
   240
   382
   693
  1311
